3040 0
3010 1
3007 2
3000 3
3013 4
3039 5
600 6
2974 7
3004 8
3046 9
593 10
2965 11
2978 12
2978 13
2972 14
2967 15
2960 16
2962 17
2926 18
2927 19
7101 20
6362 21
4669 22
7061 23
7072 24
7098 25
4654 26
7035 27
7065 28
7107 29
4645 30
7040 31
7039 32
7038 33
7032 34
7023 35
7021 36
7022 37
7027 38
6992 39
4410 40
4457 41
4490 42
4467 43
4601 44
4760 45
369 46
405 47
436 48
419 49
516 50
661 51
6603 52
44 54
4793 55
17 57
4787 58
4877 59
6594 60
131 62
2091 63
2086 64
2091 65
3401 66
3400 67
2080 68
2079 69
2079 70
3397 72
2101 74
2091 75
2083 76
2091 78
2008 79
2016 80
2524 81
1420 82
1020 83
2411 84
1218 85
1215 86
1113 87
8373 88
1543 89
1398 90
1552 91
1551 92
1546 93
1777 94
1519 95
1563 96
1581 97
1764 98
1558 99
1399 100
1372 101
1946 104
3000 105
3559 106
3519 107
3030 108
2969 109
3029 112
2928 115
608 116
1989 117
2921 118
628 119
3031 120
1959 121
1973 122
1921 123
1959 126
1990 127
3018 130
2865 131
3519 132
3516 133
610 134
2876 135
3026 136
1957 139
1937 140
2083 141
1917 142
2067 143
2084 144
2090 145
1919 146
2067 147
2093 148
2099 149
2089 150
2091 151
2089 152
2461 153
1665 154
2419 155
2459 156
1619 157
1640 158
1622 159
2414 160
1612 161
915 162
8505 163
1668 164
3510 165
1667 166
2435 167
2334 168
2454 169
3537 170
2327 171
2433 172
2338 173
1682 174
1503 175
8354 176
1627 177
1609 178
1639 179
1658 180
1614 181
1605 182
1657 183
2415 184
8496 185
8501 186
904 187
1649 188
8513 189
8511 190
1645 191
1654 192
1643 193
8509 194
912 195
2015 196
1992 199
2008 200
1993 201
1985 202
2014 203
2015 204
1991 205
1633 206
2012 207
2000 208
3253 209
3310 210
3237 211
3285 212
7429 213
7442 214
3302 216
3304 217
3305 218
3280 219
3371 220
3236 221
3312 222
7424 223
7441 224
3303 225
3278 226
3368 227
3381 228
3374 229
3239 230
3375 231
3311 232
3269 233
1951 235
3285 236
3292 237
3297 238
3323 239
3321 240
2278 241
2270 242
3389 243
231 244
2018 245
2234 246
2189 247
2182 248
2217 249
2222 250
2225 251
2129 252
2243 253
2238 254
2244 255
2244 256
2132 257
2170 258
2174 259
2139 260
2141 261
2113 262
1848 263
2245 264
2065 265
2094 266
4829 268
6136 271
4857 272
4793 274
6607 275
4856 276
4853 277
4857 280
4855 281
4855 282
4857 283
4834 284
4858 285
6152 286
6151 287
6152 288
7457 289
7457 290
6144 291
6137 292
6132 293
8472 294
6160 296
6145 297
6142 298
6145 300
6083 302
6672 303
5405 304
6470 305
8409 306
5461 307
5618 308
5619 309
5631 310
5649 311
5838 312
6020 315
7061 316
6914 317
7603 318
7091 319
7026 320
7088 323
6773 324
6988 326
7069 327
6984 329
4648 330
7077 331
6025 332
6045 333
5993 334
6760 335
6034 337
6064 338
6156 341
6923 342
7572 343
7570 344
4664 345
6937 346
7092 347
6030 350
6007 351
5990 353
6152 354
6151 355
6152 356
6142 357
6132 358
6151 359
6159 360
6145 361
6152 362
6150 363
6400 364
6492 365
6396 366
5756 367
5727 368
5761 369
5766 370
5587 371
5333 372
8480 373
5716 374
5739 375
5721 376
5724 377
5729 378
5716 379
5699 380
4971 381
6082 382
6055 383
6026 384
6032 385
6063 387
6077 388
6057 389
6057 390
6077 391
6058 392
6077 393
7432 395
8470 396
7318 397
7373 398
7324 399
6061 400
7368 401
7366 402
7345 403
7371 404
7439 405
7321 406
7363 407
7344 408
7364 409
7341 410
7370 411
7323 412
7432 413
7374 414
7374 415
7296 417
7358 418
7296 419
7357 420
7297 421
7352 422
7325 423
7319 425
7382 427
7380 428
6339 429
6331 430
7452 431
4289 432
6345 433
6295 434
6248 435
6243 436
6276 437
6283 438
6284 439
6239 440
6305 441
6305 442
6193 443
6231 444
6200 445
5922 446
4296 447
6155 448
4600 449
4482 450
424 451
677 452
12 455
12 456
103 460
45 466
43 467
34 469
4802 470
132 471
132 472
4793 473
4793 474
110 475
110 476
82 477
99 478
111 482
63 483
83 488
17 489
44 490
16 491
2093 492
2092 493
2098 495
2098 496
2086 497
2065 498
2065 499
2079 501
2068 503
2068 504
1919 505
1918 506
2083 507
3388 508
1994 509
2077 512
2077 513
2066 514
241 515
2094 516
2095 517
827 518
2537 519
2575 520
2594 521
2567 522
2558 523
752 524
2759 525
2801 526
2803 527
2748 528
2766 529
2772 530
2773 531
2779 532
2751 533
771 534
1236 535
1234 536
1306 537
1302 538
1350 539
1354 540
1768 541
1935 542
1940 543
1969 544
1964 545
2700 547
2701 548
2312 549
590 550
603 551
2642 553
2638 554
2297 555
2709 556
3041 559
3044 560
3037 561
728 562
726 563
729 564
2068 565
2818 566
2828 567
1681 568
1687 569
1659 570
1664 571
1678 572
1670 573
1674 574
2811 575
2812 576
2836 577
2443 578
2834 579
2833 580
893 581
2841 582
2842 583
2825 584
2829 585
1697 586
3417 587
945 588
1263 589
1751 590
832 591
1264 592
8515 593
1591 594
1630 595
1636 596
1638 597
2407 598
1644 599
1999 600
1998 601
2008 602
2008 603
1996 604
3336 607
3337 608
2027 609
1844 610
2032 611
2063 612
3392 613
3399 614
2060 615
2038 616
3394 617
3399 618
3403 619
3403 620
2285 621
2284 622
2273 623
232 624
2277 625
2111 626
2108 627
2102 628
2020 629
2020 630
236 631
238 632
2021 633
2205 634
2045 635
2049 636
1859 637
1857 638
1879 639
1876 640
2248 641
2249 642
2996 643
2997 644
3143 645
3145 646
3056 647
3065 648
240 649
2267 650
2253 651
3402 652
2247 653
2250 654
2249 655
3122 656
1872 657
2058 658
2036 659
2023 660
2026 661
2109 662
2275 663
2252 664
2250 665
2251 666
1885 667
1887 668
1906 669
3105 670
1903 671
2143 672
2142 673
2173 674
2173 675
2155 676
2154 677
2148 678
2135 679
2136 680
2138 681
2259 682
2240 683
2242 684
2242 685
2984 687
3014 689
4811 690
4811 691
4817 692
4793 693
4811 694
4831 696
4832 697
4828 701
4834 702
6135 705
4828 706
6135 707
4832 708
4851 712
6151 713
6151 714
6145 715
6146 716
6153 717
6131 718
6159 719
6161 720
6137 723
6137 724
6152 725
6133 726
5990 727
5992 728
6141 732
4297 733
4297 734
6155 735
6156 736
6445 737
4939 738
6696 739
6698 740
4786 741
4779 742
5391 743
5379 744
6654 745
6664 746
4808 747
4807 748
6862 749
6803 750
6810 751
6839 752
4859 753
4866 754
4792 755
4812 756
7271 757
6848 758
5374 759
5369 760
5418 761
5422 762
5844 763
5841 764
6014 765
6036 766
5911 767
6761 769
6759 770
6367 771
4650 772
4643 773
7318 774
6066 775
6701 776
6357 777
6354 778
5908 779
7076 781
7098 782
6148 783
7095 784
7093 785
6137 786
6508 787
6505 788
6879 789
6868 790
6478 791
5742 792
5741 793
5738 794
6512 795
6512 796
5752 797
5753 798
6513 799
6511 800
5747 801
6866 802
5741 803
4948 804
4950 805
6518 806
6496 807
6887 808
4944 809
6409 810
6479 811
6514 812
6874 813
6875 814
6889 815
6891 816
7460 817
5814 818
5011 820
5830 821
5772 822
5299 823
5299 824
5701 825
8475 826
6478 827
5688 828
4975 829
4974 830
5714 831
5715 832
5699 833
5696 834
5731 835
5702 836
5692 837
5687 838
5685 839
5690 840
4972 841
4968 842
6475 843
6488 844
8470 845
8470 846
6081 847
6081 848
6066 849
6080 850
7457 851
7457 852
6060 853
6063 854
6083 855
6083 856
6068 857
6067 858
6078 859
6078 860
6082 862
7333 863
7386 864
7317 865
7315 866
7332 867
7306 868
7396 869
7399 870
7159 871
7158 872
6128 873
6096 874
7450 875
7450 876
6102 877
6124 878
7453 879
6105 880
7456 881
7456 882
6345 883
6344 884
6330 885
6331 886
7451 887
6334 888
6336 889
6163 890
6169 891
6084 892
6085 893
6154 894
4295 895
6087 896
6114 897
6112 898
6110 899
6117 900
5934 901
5945 902
5956 903
6308 904
6309 905
7057 906
7056 907
7202 908
7204 909
7116 910
7123 911
4296 912
4300 913
6312 914
6184 915
6324 917
6308 918
5916 919
7185 920
6119 921
6098 922
6113 923
6101 924
6107 925
6089 926
6091 927
6090 928
6168 929
6344 930
6336 931
6337 932
6329 933
6311 934
6310 935
5962 936
5961 937
7168 938
7165 939
5979 940
6203 941
6208 942
6191 943
6297 944
6288 945
6222 946
6254 947
6251 948
6271 949
6261 950
6268 951
6270 952
6209 953
6233 955
6301 956
6318 957
6303 958
6303 959
6246 960
6266 961
7045 963
7081 965
4752 966
4750 967
4491 968
4680 969
4739 970
6967 971
4607 972
6954 973
6950 974
6391 975
6380 976
6450 977
6554 978
6668 979
4558 980
6733 981
528 982
2669 983
506 984
2608 985
2495 986
2391 987
2320 988
2325 989
2889 990
2894 991
3540 992
2906 993
634 994
636 995
439 996
697 997
82 998
63 999
127 1000
127 1001
35 1002
7510 1003
35 1004
35 1005
127 1006
32 1007
114 1008
4904 1009
4901 1010
128 1012
136 1013
137 1014
139 1015
139 1016
57 1017
168 1018
5393 1019
133 1020
130 1021
83 1023
83 1025
16 1032
45 1040
6598 1044
6605 1045
6606 1046
6606 1047
4853 1048
4856 1049
4851 1050
4858 1051
4834 1052
4834 1053
4833 1054
3017 1060
2097 1061
2097 1062
2099 1063
2099 1064
2099 1065
2088 1066
2088 1067
2089 1069
2090 1070
2091 1071
2091 1072
2091 1073
2092 1074
2092 1076
8495 1077
2350 1078
1004 1079
851 1080
1132 1081
1149 1082
8369 1083
1475 1084
8352 1085
1532 1086
1784 1087
1773 1088
1790 1089
1800 1090
5790 1091
5873 1092
8431 1093
5854 1094
5605 1095
5616 1096
5612 1097
5624 1098
5467 1099
5438 1100
5459 1101
7288 1102
6785 1103
6844 1104
6826 1105
731 1106
733 1107
783 1108
777 1109
780 1110
772 1111
764 1112
809 1113
3219 1114
818 1115
3208 1116
2789 1117
2723 1118
2785 1119
2797 1120
2799 1121
6855 1122
960 1123
962 1124
1313 1125
1320 1126
1069 1127
5137 1128
5078 1129
5181 1130
5043 1131
4905 1132
6626 1133
6619 1134
4848 1135
4849 1136
4835 1137
6135 1138
1483 1139
1726 1140
1730 1141
1701 1142
5777 1143
5776 1144
5801 1145
5794 1146
5589 1147
5596 1148
8426 1149
5611 1150
5484 1151
5464 1152
5442 1153
5444 1154
7278 1155
4872 1156
6819 1157
2335 1158
2348 1159
2817 1160
2438 1161
2440 1162
2452 1163
2451 1164
2453 1165
1684 1166
1692 1167
1685 1168
1689 1169
1689 1170
5765 1171
5763 1172
5757 1173
5751 1174
5749 1175
6872 1176
6871 1177
6896 1178
6897 1179
6894 1180
6895 1181
6901 1182
6900 1183
7590 1184
1655 1185
1618 1186
1641 1187
1643 1188
1646 1189
1646 1190
5720 1191
5718 1192
5718 1193
5712 1194
5712 1195
5710 1196
5711 1197
5704 1198
5663 1199
5669 1200
5677 1201
8489 1202
8483 1203
8486 1204
4960 1205
2013 1206
2014 1207
1995 1212
1995 1213
1979 1214
1978 1215
1981 1216
1983 1217
1958 1218
1987 1219
1952 1220
1992 1221
1990 1222
1996 1223
2010 1224
2011 1225
2011 1226
2015 1227
2015 1228
2017 1229
2017 1230
1959 1231
1953 1232
1952 1233
1991 1234
1990 1235
3259 1236
2010 1237
2011 1238
2012 1239
2015 1240
2016 1241
2017 1242
3264 1246
3245 1247
3270 1248
3324 1249
3341 1250
3350 1251
7402 1252
7400 1253
7299 1254
7298 1255
7435 1256
7437 1257
7436 1258
7359 1259
7356 1260
7354 1261
7350 1262
1988 1263
3267 1264
3260 1265
3263 1266
3307 1267
3313 1268
3315 1269
3314 1270
3293 1271
3299 1272
3378 1273
3372 1274
3365 1275
3366 1276
7426 1277
7425 1278
3252 1279
2003 1280
2004 1281
2293 1282
2290 1283
2265 1284
3338 1285
2250 1286
7398 1287
6324 1288
6351 1289
6333 1290
6353 1291
6075 1292
6071 1293
2255 1294
2125 1295
2122 1296
2117 1297
2105 1298
2107 1299
2106 1300
2199 1301
2198 1302
2204 1303
2191 1304
1865 1305
1861 1306
1851 1307
2151 1308
1883 1309
1889 1310
1892 1311
5967 1312
5964 1313
5959 1314
5957 1315
5926 1316
5937 1317
5940 1318
6108 1319
6260 1320
6259 1321
6258 1322
6167 1323
6166 1324
6163 1325
6171 1326
6170 1327
6185 1328
6315 1329
6316 1330
6317 1331
2257 1332
2119 1333
2260 1334
2257 1335
2258 1336
6319 1337
6316 1338
6314 1339
6178 1340
6172 1341
6181 1342
6181 1343
6232 1344
6232 1345
6301 1346
6300 1347
6302 1348
6299 1349
6304 1350
6292 1351
6189 1352
6188 1353
6198 1354
6199 1355
6197 1356
6215 1357
2130 1358
2236 1359
2128 1360
2233 1361
2178 1362
2172 1364
2241 1365
2240 1366
2243 1367
2242 1368
2242 1369
2242 1370
6303 1371
6303 1372
6302 1373
2163 1374
2229 1375
2190 1376
2195 1377
2200 1378
2210 1379
2211 1380
2209 1381
2207 1382
2187 1383
2113 1384
2118 1385
2119 1386
2261 1387
2258 1388
2259 1389
6319 1390
6318 1391
6321 1392
245 1393
237 1394
234 1395
1827 1396
1823 1397
3087 1398
3113 1399
3075 1400
5972 1401
7140 1402
7150 1403
7207 1404
4293 1405
5902 1406
4295 1407
4831 1408
4828 1409
4828 1410
4828 1411
4828 1412
4828 1414
4828 1415
4828 1416
6135 1417
6135 1418
6135 1419
6135 1420
7081 1428
7081 1429
6156 1430
6156 1431
6158 1432
6146 1435
6146 1436
6145 1438
6152 1439
6152 1440
6152 1441
6152 1442
6152 1443
6152 1444
6152 1445
4803 1446
4823 1447
4826 1448
4834 1449
4856 1450
6609 1451
6596 1452
4879 1453
5217 1454
5198 1455
8405 1456
5287 1457
5281 1458
5302 1459
5026 1460
5018 1461
6798 1462
7293 1463
2739 1464
3230 1465
3229 1466
1391 1467
3227 1468
1395 1469
1373 1470
738 1471
739 1472
2546 1473
801 1474
794 1475
791 1476
2635 1477
8471 1479
8471 1480
8471 1481
8471 1482
6082 1483
6082 1484
6082 1485
6080 1486
6065 1487
6063 1488
6063 1489
6060 1490
6026 1492
6055 1493
6055 1494
6054 1495
6051 1496
1418 1502
916 1503
1647 1504
914 1505
1615 1506
8506 1507
3238 1508
3382 1509
5734 1510
6032 1511
7362 1512
7366 1513
7369 1514
7328 1515
7352 1516
6024 1517
7326 1518
6235 1519
17 1521
102 1522
769 1527
1771 1528
2304 1530
3259 1531
2315 1532
1833 1533
2087 1534
3035 1535
2080 1536
1676 1537
2831 1538
2806 1539
894 1540
889 1541
2827 1542
3430 1543
1590 1544
1635 1545
1638 1546
905 1547
1644 1548
2011 1549
2280 1550
3396 1551
245 1552
3402 1553
2262 1554
2056 1555
2036 1556
2040 1557
2026 1558
2109 1559
2282 1560
2266 1561
1878 1562
3021 1564
4811 1565
4811 1566
4827 1567
4830 1568
4829 1569
4852 1571
6144 1575
6017 1576
6040 1577
4659 1578
6377 1579
6769 1580
6157 1582
7093 1583
7095 1584
6137 1585
5738 1586
6394 1587
5732 1588
5733 1589
6474 1590
4969 1591
6080 1593
4299 1594
7456 1595
6325 1596
6308 1597
6327 1598
5983 1599
6195 1600
7104 1602
4572 1603
698 1604
131 1605
4853 1607
6827 1608
6857 1609
6823 1610
7565 1611
6466 1612
7345 1614
7434 1615
6069 1616
2256 1617
6214 1618
6303 1619
6320 1620
5020 1623
2645 1624
323 1626
401 1627
3564 1628
469 1629
3770 1630
3624 1631
3823 1632
3602 1633
3791 1634
3803 1635
3776 1636
270 1637
3597 1638
4225 1639
3794 1640
3602 1641
3629 1642
3797 1643
259 1644
3647 1645
265 1646
262 1647
4373 1648
7846 1649
8297 1650
8221 1651
7826 1652
7852 1653
7656 1654
7876 1655
7843 1656
7857 1657
4307 1658
7729 1659
8278 1660
7656 1661
8248 1662
4497 1663
7823 1664
4330 1665
7734 1666
4304 1667
433 1668
3800 1669
4207 1670
3814 1671
3768 1672
3773 1673
7847 1674
7856 1675
4392 1676
7657 1677
8232 1678
7678 1679
7646 1680
4315 1681
6 1543
12 455
16 1032
17 57
32 1007
33 1007
34 469
35 1005
39 817
41 467
42 460
43 467
44 490
45 1040
56 1015
57 1016
58 1013
59 1605
60 1012
61 1000
62 999
63 999
73 1023
82 998
83 1025
89 455
99 1008
102 1522
103 460
110 476
111 998
114 1008
115 1008
116 1543
126 1007
127 1006
128 1012
129 1013
130 1021
131 62
132 472
133 472
136 1013
137 1014
138 1015
139 1015
166 1008
167 1008
168 471
169 471
231 244
232 624
233 244
234 1395
235 1395
236 631
237 1394
238 632
239 1552
240 649
241 515
242 1552
243 1552
244 1552
245 1552
246 1393
247 515
248 1637
249 1637
250 1673
251 1646
252 1646
253 1646
254 1637
255 1637
256 1644
257 1644
258 1644
259 1644
260 1647
261 1647
262 1647
263 1647
264 1646
265 1646
266 1646
267 1646
268 1637
269 1637
270 1637
271 1637
272 1647
273 1644
274 1647
275 1644
276 1646
277 1647
278 1647
279 1647
280 1672
281 1672
282 1644
283 1644
284 1644
285 1644
286 1637
287 1637
288 1646
289 1646
290 1646
291 1646
292 984
293 984
294 1670
295 1670
296 1670
297 1670
298 1670
299 1670
300 1670
301 1670
302 49
303 49
304 1670
305 49
306 1670
307 1670
308 46
309 49
310 1670
311 1670
312 1670
313 1670
314 1670
315 1670
316 1670
317 1670
318 1626
319 1670
320 1626
321 1626
322 1626
323 1626
324 1626
325 1670
326 1626
327 1636
328 1626
329 1636
330 1636
331 1636
332 1636
333 1636
334 1636
335 1626
336 1636
337 1626
338 1636
339 1636
340 1636
341 1636
342 1626
343 1670
344 1626
345 1626
346 1626
347 1626
348 1626
349 46
350 1670
351 1670
352 1670
353 1670
354 46
355 46
356 46
357 46
358 49
359 49
360 46
361 49
362 49
363 50
364 49
365 49
366 46
367 46
368 46
369 46
370 46
371 46
372 46
373 46
374 46
375 46
376 1626
377 1626
378 1626
379 1626
380 46
381 46
382 1636
383 1626
384 1637
385 1636
386 984
387 984
388 983
389 983
390 997
391 997
392 1671
393 1671
394 1641
395 1641
396 1604
397 1604
398 1632
399 47
400 1627
401 1627
402 1627
403 1627
404 47
405 47
406 451
407 451
408 1670
409 451
410 1670
411 49
412 49
413 49
414 451
415 49
416 451
417 49
418 49
419 49
420 49
421 49
422 451
423 1668
424 451
425 451
426 452
427 451
428 452
429 451
430 1668
431 48
432 1668
433 1668
434 1668
435 1668
436 48
437 48
438 996
439 996
440 1629
441 1643
442 1629
443 1643
444 1643
445 996
446 1672
447 1672
448 1644
449 1672
450 1672
451 1672
452 1672
453 992
454 992
455 992
456 992
457 992
458 992
459 992
460 992
461 1635
462 1629
463 1629
464 994
465 994
466 1669
467 1629
468 1629
469 1629
470 992
471 992
472 992
473 992
474 992
475 992
476 992
477 992
478 1644
479 1644
480 1646
481 1646
482 1646
483 1647
484 1628
485 1644
486 1672
487 1672
488 1644
489 1644
490 1644
491 1644
492 1672
493 1672
494 990
495 990
496 990
497 990
498 1672
499 990
500 990
501 990
502 984
503 1646
504 984
505 984
506 984
507 984
508 1646
509 1646
510 50
511 50
512 50
513 50
514 50
515 50
516 50
517 50
518 982
519 982
520 50
521 50
522 50
523 46
524 46
525 46
526 982
527 983
528 982
529 982
530 982
531 46
532 982
533 983
534 983
535 984
536 983
537 983
538 983
539 983
540 984
541 984
542 549
543 50
544 549
545 549
546 452
547 49
548 50
549 49
550 993
551 993
552 992
553 993
554 992
555 992
556 992
557 992
558 991
559 991
560 990
561 991
562 990
563 992
564 992
565 992
566 1644
567 1644
568 1646
569 1646
570 1646
571 1646
572 1644
573 1644
574 990
575 990
576 1644
577 1644
578 1644
579 1644
580 1672
581 990
582 990
583 990
584 990
585 990
586 990
587 990
588 990
589 990
590 550
591 7
592 10
593 10
594 997
595 550
596 1604
597 550
598 105
599 105
600 6
601 6
602 551
603 551
604 551
605 105
606 549
607 549
608 116
609 116
610 134
611 134
612 134
613 452
614 116
615 116
616 105
617 2
618 51
619 134
620 134
621 134
622 119
623 119
624 995
625 119
626 995
627 119
628 119
629 119
630 995
631 995
632 994
633 994
634 994
635 994
636 995
637 995
638 996
639 996
640 1629
641 996
642 1629
643 996
644 996
645 996
646 1629
647 1629
648 994
649 1629
650 1629
651 1629
652 1604
653 1604
654 997
655 997
656 997
657 997
658 1604
659 1604
660 51
661 51
662 47
663 47
664 47
665 47
666 51
667 51
668 48
669 48
670 51
671 48
672 48
673 48
674 48
675 48
676 452
677 452
678 452
679 452
680 452
681 452
682 995
683 1629
684 995
685 995
686 994
687 994
688 996
689 1629
690 996
691 996
692 119
693 996
694 996
695 995
696 997
697 997
698 1604
699 1604
700 1604
701 1604
702 997
703 997
704 47
705 47
706 51
707 51
708 51
709 51
710 47
711 47
712 134
713 48
714 134
715 134
716 51
717 51
718 48
719 51
720 452
721 452
722 452
723 452
724 134
725 134
726 563
727 563
728 562
729 564
730 564
731 1106
732 1106
733 1107
734 1473
735 1473
736 1471
737 82
738 1471
739 1472
740 1472
741 1473
742 519
743 518
744 519
745 518
746 519
747 519
748 519
749 519
750 1527
751 1527
752 524
753 524
754 525
755 525
758 1472
759 1472
761 1472
763 1112
764 1112
765 1112
767 524
768 1527
769 1527
770 534
771 534
772 1111
773 1111
774 1109
776 1108
777 1109
778 1108
779 1110
780 1110
781 1111
782 1106
783 1108
784 1106
785 1106
786 1624
787 1476
788 1108
789 1108
790 1477
791 1476
792 1477
793 1476
794 1475
795 1475
796 1476
797 1476
798 1474
799 1474
800 1474
801 1474
802 1474
804 1110
806 1113
807 1113
808 1113
809 1113
810 1113
811 524
812 1113
813 1112
815 524
817 1113
818 1115
819 1115
821 525
822 518
823 1080
824 518
825 518
826 518
827 518
828 518
829 1080
830 1543
831 1543
832 175
833 175
834 175
835 175
836 175
837 1543
838 175
839 175
840 175
841 175
842 1543
843 1543
844 1543
845 1543
846 1080
847 1080
848 1080
849 1080
850 1080
851 1080
852 1080
853 1080
854 1078
855 84
856 84
857 84
858 1078
859 1078
860 1078
861 1078
862 1078
863 1078
864 1078
865 1078
866 1078
867 1077
868 1078
869 1077
870 1077
871 1079
872 1077
873 1077
874 194
875 1077
876 1077
877 1077
878 1077
879 1077
880 194
881 194
882 1077
883 1077
884 1077
885 1077
886 1077
887 1547
888 1541
889 1541
890 581
891 584
892 581
893 581
894 1540
895 1540
896 83
897 83
898 83
899 83
900 83
901 83
902 83
903 87
904 187
905 187
906 195
907 187
908 1547
909 1547
910 1547
911 1547
912 195
913 1505
914 1505
915 162
916 1503
917 83
918 1127
919 83
920 83
921 83
922 83
923 1127
924 1127
925 594
926 594
927 1200
928 594
929 83
930 189
931 189
932 189
933 189
934 189
935 594
936 189
937 594
938 594
939 594
940 594
941 535
942 536
943 535
944 536
945 1123
946 535
947 588
948 535
949 1123
950 1123
951 1123
952 1123
953 1124
954 1124
955 1124
956 1124
957 1123
958 1123
959 1124
960 1123
961 1124
962 1124
963 1124
964 1124
965 535
966 535
967 535
968 535
969 1123
970 1123
971 1123
972 1123
973 1081
974 1079
975 1081
976 1081
977 1081
978 1081
979 1081
980 1080
981 1079
982 1080
983 1079
984 1079
985 1079
986 1079
987 1080
988 1080
989 1079
990 1079
991 1079
992 1079
993 1081
994 1079
995 1079
996 1079
997 1079
998 1079
999 1079
1000 1079
1001 1079
1002 1079
1003 1079
1004 1079
1005 1079
1006 1079
1007 1077
1008 1077
1009 194
1010 1079
1011 1079
1012 1079
1013 83
1014 83
1015 83
1016 83
1017 83
1018 83
1019 83
1020 83
1021 189
1022 189
1023 83
1024 189
1025 83
1026 83
1027 83
1028 83
1029 194
1030 194
1031 194
1032 194
1033 194
1034 194
1035 194
1036 194
1037 189
1038 189
1039 189
1040 189
1041 189
1042 189
1043 189
1044 189
1045 194
1046 194
1047 194
1048 194
1049 194
1050 194
1051 194
1052 194
1053 1079
1054 1079
1055 83
1056 83
1057 83
1058 83
1059 1079
1060 1079
1061 87
1062 87
1063 87
1064 87
1065 87
1066 87
1067 87
1068 87
1069 1127
1070 1127
1071 1127
1072 1127
1073 1127
1074 1127
1075 1127
1076 1127
1077 87
1078 87
1079 1127
1080 87
1081 1127
1082 1127
1083 87
1084 87
1085 1126
1086 1127
1087 1126
1088 1127
1089 1126
1090 1126
1091 1126
1092 1126
1093 87
1094 87
1095 1127
1096 1127
1097 1126
1098 1125
1099 1125
1100 1125
1101 537
1102 537
1103 537
1104 537
1105 87
1106 87
1107 538
1108 537
1109 87
1110 87
1111 87
1112 87
1113 87
1114 87
1115 87
1116 537
1117 537
1118 87
1119 537
1120 537
1121 88
1122 1081
1123 1081
1124 1081
1125 88
1126 1081
1127 1083
1128 1081
1129 1082
1130 1081
1131 1081
1132 1081
1133 1083
1134 1083
1135 1084
1136 1083
1137 1084
1138 1083
1139 1083
1140 1083
1141 1082
1142 1082
1143 519
1144 1083
1145 519
1146 519
1147 519
1148 1082
1149 1082
1150 1082
1151 1082
1152 1082
1153 1082
1154 1082
1155 1082
1156 1082
1157 1083
1158 1083
1159 1083
1160 1083
1161 1083
1162 1082
1163 1082
1164 1082
1165 1083
1166 1083
1167 1083
1168 1083
1169 1084
1170 1084
1171 1083
1172 1084
1173 1083
1174 1083
1175 1083
1176 1083
1177 1083
1178 1083
1179 1083
1180 1083
1181 176
1182 176
1183 176
1184 176
1185 176
1186 176
1187 176
1188 176
1189 175
1190 175
1191 175
1192 175
1193 176
1194 176
1195 176
1196 590
1197 176
1198 1084
1199 176
1200 176
1201 175
1202 176
1203 176
1204 1084
1205 1083
1206 1083
1207 176
1208 1083
1209 176
1210 176
1211 1083
1212 1083
1213 85
1214 536
1215 86
1216 86
1217 86
1218 85
1219 85
1220 85
1221 586
1222 586
1223 536
1224 592
1225 536
1226 536
1227 536
1228 586
1229 536
1230 536
1231 536
1232 536
1233 536
1234 536
1235 536
1236 535
1237 590
1238 586
1239 590
1240 590
1241 590
1242 590
1243 590
1244 590
1245 175
1246 175
1247 590
1248 1543
1249 175
1250 590
1251 175
1252 175
1253 175
1254 175
1255 590
1256 590
1257 590
1258 175
1259 175
1260 175
1261 592
1262 86
1263 592
1264 592
1265 86
1266 86
1267 86
1268 536
1269 176
1270 176
1271 86
1272 592
1273 592
1274 176
1275 176
1276 176
1277 86
1278 86
1279 1085
1280 1085
1281 1083
1282 1083
1283 86
1284 86
1285 88
1286 88
1287 1083
1288 1083
1289 1083
1290 1083
1291 88
1292 88
1293 85
1294 537
1295 85
1296 85
1297 88
1298 88
1299 537
1300 537
1301 535
1302 538
1303 536
1304 535
1305 537
1306 537
1307 538
1308 538
1309 1125
1310 538
1311 1125
1312 1125
1313 1125
1314 1125
1315 538
1316 538
1317 1126
1318 1125
1319 1126
1320 1126
1321 1126
1322 1124
1323 1125
1324 1125
1325 82
1326 519
1327 82
1328 82
1329 82
1330 82
1331 82
1332 519
1333 519
1334 519
1335 82
1336 82
1337 82
1338 82
1339 519
1340 519
1341 539
1342 539
1343 539
1344 539
1345 97
1346 97
1347 97
1348 97
1349 539
1350 539
1351 761
1352 540
1353 540
1354 540
1355 540
1356 539
1357 101
1358 101
1359 101
1360 101
1361 100
1362 100
1363 100
1364 97
1365 101
1366 101
1367 540
1368 540
1369 1467
1370 101
1371 101
1372 101
1373 1470
1374 1470
1375 1469
1376 1470
1377 1468
1378 1470
1379 1470
1380 1470
1381 1471
1382 1471
1383 90
1384 90
1385 1469
1386 1469
1387 1471
1388 1471
1389 1467
1390 101
1391 1467
1392 1467
1393 1468
1394 1468
1395 1469
1396 1469
1397 90
1398 90
1399 100
1400 100
1401 101
1402 101
1403 1469
1404 1469
1405 82
1406 82
1407 1502
1408 1502
1409 90
1410 90
1411 1471
1412 82
1413 82
1414 82
1415 1502
1416 1502
1417 1502
1418 1502
1419 82
1420 82
1421 1502
1422 1502
1423 93
1424 93
1425 99
1426 99
1427 1502
1428 1502
1429 1084
1430 1084
1431 1084
1432 1084
1433 1084
1434 1084
1435 1084
1436 1084
1437 519
1438 1084
1439 89
1440 1084
1441 82
1442 519
1443 519
1444 519
1445 1084
1446 1084
1447 1084
1448 1084
1449 1084
1450 1084
1451 1084
1452 1084
1453 89
1454 82
1455 89
1456 89
1457 89
1458 89
1459 89
1460 89
1461 1084
1462 89
1463 1084
1464 1084
1465 1084
1466 1084
1467 89
1468 89
1469 1084
1470 1084
1471 176
1472 1084
1473 176
1474 176
1475 1084
1476 1084
1477 95
1478 95
1479 590
1480 590
1481 1139
1482 1139
1483 1139
1484 1139
1485 175
1486 175
1487 176
1488 175
1489 175
1490 175
1491 175
1492 175
1493 175
1494 175
1495 175
1496 175
1497 175
1498 175
1499 175
1500 175
1501 176
1502 1085
1503 176
1504 176
1505 175
1506 175
1507 590
1508 590
1509 590
1510 590
1511 175
1512 175
1513 175
1514 175
1515 590
1516 590
1517 1085
1518 1085
1519 95
1520 95
1521 1139
1522 1139
1523 1087
1524 95
1525 1085
1526 1084
1527 1085
1528 1085
1529 1087
1530 1085
1531 1086
1532 1086
1533 89
1534 89
1535 1086
1536 1084
1537 1086
1538 1086
1539 94
1540 94
1541 89
1542 93
1543 89
1544 89
1545 93
1546 93
1547 93
1548 93
1549 91
1550 94
1551 92
1552 91
1553 91
1554 91
1555 91
1556 93
1557 99
1558 99
1559 99
1560 99
1561 96
1562 96
1563 96
1564 96
1565 90
1566 1502
1567 100
1568 99
1569 100
1570 100
1571 90
1572 90
1573 100
1574 100
1575 99
1576 99
1577 96
1578 96
1579 97
1580 100
1581 97
1582 97
1583 98
1584 97
1585 98
1586 98
1587 98
1588 97
1589 1544
1590 1544
1591 594
1592 594
1593 594
1594 593
1595 1544
1596 1544
1597 593
1598 594
1599 594
1600 594
1601 594
1602 594
1603 594
1604 594
1605 182
1606 182
1607 1506
1608 182
1609 178
1610 178
1611 161
1612 161
1613 157
1614 181
1615 1506
1616 1506
1617 1186
1618 1186
1619 157
1620 1187
1621 159
1622 159
1623 177
1624 159
1625 177
1626 177
1627 177
1628 177
1629 595
1630 595
1631 159
1632 1544
1633 206
1634 206
1635 1545
1636 596
1637 1546
1638 1546
1639 179
1640 158
1641 1187
1642 179
1643 1188
1644 1548
1645 191
1646 1189
1647 1504
1648 1187
1649 188
1650 1504
1651 1169
1652 191
1653 192
1654 192
1655 1185
1656 1185
1657 183
1658 1185
1659 570
1660 180
1661 1165
1662 1165
1663 570
1664 571
1665 154
1666 154
1667 166
1668 164
1669 573
1670 573
1671 578
1672 573
1673 574
1674 574
1675 1537
1676 1537
1677 572
1678 572
1679 568
1680 568
1681 568
1682 174
1683 572
1684 1166
1685 1168
1686 1166
1687 569
1688 569
1689 1170
1690 1168
1691 1167
1692 1167
1693 586
1694 586
1695 586
1696 586
1697 586
1698 586
1699 586
1700 586
1701 1142
1702 1141
1703 1141
1704 1142
1705 1142
1706 1142
1707 1142
1708 1142
1709 1142
1710 1089
1711 1142
1712 1141
1713 1142
1714 1142
1715 1142
1716 1124
1717 536
1718 1087
1719 1140
1720 1140
1721 1141
1722 1140
1723 535
1724 536
1725 1140
1726 1140
1727 1140
1728 1140
1729 1141
1730 1141
1731 1141
1732 1141
1733 1142
1734 1142
1735 1142
1736 1142
1737 586
1738 818
1739 818
1740 818
1741 590
1742 590
1743 175
1744 175
1745 1543
1746 175
1747 175
1748 590
1749 590
1750 586
1751 590
1752 590
1753 590
1754 590
1755 590
1756 586
1757 98
1758 96
1759 1528
1760 1528
1761 541
1762 1528
1763 98
1764 98
1765 1528
1766 1528
1767 541
1768 541
1769 541
1770 1528
1771 1528
1772 1528
1773 1088
1774 1088
1775 92
1776 92
1777 94
1778 94
1779 1086
1780 1088
1781 1087
1782 1087
1783 1087
1784 1087
1785 1089
1786 1087
1787 1088
1788 1088
1789 1089
1790 1089
1791 1090
1792 1124
1793 1090
1794 1090
1795 1089
1796 1089
1797 1090
1798 1090
1799 1090
1800 1090
1801 541
1802 541
1803 541
1804 92
1805 83
1806 83
1807 83
1808 83
1809 83
1810 83
1811 83
1812 83
1813 83
1814 83
1815 83
1816 83
1817 83
1818 83
1819 83
1820 83
1822 611
1823 1397
1824 1397
1826 1396
1827 1396
1828 1396
1829 1533
1831 1533
1832 1533
1833 1533
1834 1533
1838 610
1839 1555
1841 657
1842 656
1843 610
1844 610
1845 263
1846 263
1847 263
1848 263
1849 1308
1850 1307
1851 1307
1852 1307
1853 657
1854 657
1855 637
1856 657
1857 638
1858 637
1859 637
1860 637
1861 1306
1862 1307
1864 638
1865 1305
1866 1305
1867 1306
1869 657
1870 656
1871 657
1872 657
1873 1307
1874 640
1875 640
1876 640
1877 1562
1878 1562
1879 639
1880 1562
1881 640
1882 639
1883 1309
1884 1309
1885 667
1886 667
1887 668
1888 667
1889 1310
1890 668
1891 1311
1892 1311
1901 671
1903 671
1904 671
1905 669
1906 669
1907 669
1909 123
1910 1216
1911 506
1912 1215
1913 508
1914 506
1915 123
1916 123
1917 142
1918 142
1919 505
1920 505
1921 123
1922 123
1923 123
1924 123
1925 123
1926 1527
1927 1527
1930 140
1931 545
1932 542
1934 542
1935 542
1936 140
1937 140
1938 543
1939 542
1940 543
1941 543
1942 216
1943 543
1944 542
1945 542
1946 104
1947 104
1948 216
1949 104
1950 235
1951 235
1952 1233
1953 1232
1954 139
1955 139
1956 1231
1957 139
1958 1218
1959 126
1960 126
1961 126
1962 545
1963 547
1964 545
1965 545
1966 140
1967 544
1968 544
1969 544
1970 122
1971 122
1972 122
1973 122
1974 123
1975 122
1976 122
1977 122
1978 1215
1979 1214
1980 1216
1981 1216
1982 1217
1983 1217
1984 1215
1985 202
1986 117
1987 1219
1988 1263
1989 117
1990 127
1991 1222
1992 199
1993 201
1994 1213
1995 1213
1996 604
1997 604
1998 1224
1999 600
2000 208
2001 207
2002 1280
2003 1280
2004 1281
2005 1281
2006 1282
2008 603
2009 603
2010 1237
2011 1238
2012 1239
2013 1206
2014 203
2015 1240
2016 1241
2017 1242
2018 1553
2019 629
2020 630
2021 634
2022 660
2023 660
2024 618
2025 661
2026 661
2027 609
2028 1555
2029 609
2030 609
2031 611
2032 611
2033 612
2034 612
2035 659
2036 1556
2037 616
2038 616
2039 617
2040 1557
2041 1557
2043 636
2044 1305
2045 635
2046 635
2047 635
2048 635
2049 636
2050 633
2051 658
2052 638
2053 1555
2054 1555
2055 1555
2056 1555
2057 658
2058 658
2059 615
2060 615
2061 612
2062 1556
2063 612
2064 612
2065 499
2066 514
2067 143
2068 565
2069 145
2070 143
2071 1107
2072 1109
2073 565
2074 565
2075 534
2076 1527
2077 513
2078 513
2079 501
2080 1536
2081 1536
2082 534
2083 76
2084 144
2085 496
2086 64
2087 1534
2088 1534
2089 152
2090 1070
2091 1071
2092 1074
2093 148
2094 516
2095 517
2096 561
2097 1062
2098 496
2099 1064
2100 74
2101 74
2102 628
2103 628
2104 1382
2105 1298
2106 1300
2107 1299
2108 627
2109 1559
2110 1297
2111 1296
2112 1384
2113 1384
2114 1382
2115 1383
2116 1297
2117 1297
2118 1385
2119 1386
2120 1385
2121 1385
2122 1296
2123 626
2124 1333
2125 1295
2126 252
2127 260
2128 1360
2129 252
2130 1358
2131 1358
2132 257
2133 257
2134 679
2135 679
2136 680
2137 680
2138 681
2139 260
2140 261
2141 261
2142 672
2143 672
2144 676
2145 672
2146 676
2147 680
2148 678
2149 673
2150 1308
2151 1308
2152 677
2153 677
2154 677
2155 677
2156 676
2157 676
2158 677
2159 681
2160 263
2161 263
2162 1374
2163 1374
2164 1374
2165 681
2166 1362
2167 1364
2168 258
2169 258
2170 247
2171 247
2172 1364
2173 675
2174 259
2175 259
2176 1362
2177 259
2178 1362
2179 1362
2182 248
2183 258
2184 248
2185 248
2186 1381
2187 1383
2188 258
2189 247
2190 1376
2191 1304
2192 1377
2193 1378
2194 250
2195 1377
2196 1376
2197 1376
2198 1302
2199 1301
2200 1378
2201 1302
2202 1304
2203 1303
2204 1303
2205 634
2206 1381
2207 1382
2208 1381
2209 1381
2210 1379
2211 1380
2212 1380
2213 1300
2214 249
2215 1379
2216 248
2217 249
2218 248
2219 249
2220 259
2221 249
2222 250
2223 250
2225 251
2226 251
2227 251
2228 1375
2229 1375
2230 1361
2231 1360
2232 1361
2233 1361
2234 246
2235 1361
2236 1359
2237 1359
2238 254
2240 1366
2241 1365
2242 1368
2243 1367
2244 256
2245 264
2246 642
2247 653
2248 641
2249 642
2250 665
2251 666
2252 664
2253 651
2254 1294
2255 1294
2256 1617
2257 1332
2258 1388
2259 1389
2260 1387
2261 1387
2262 1554
2263 1284
2264 653
2265 1284
2266 1561
2267 650
2268 1561
2269 626
2270 242
2271 1550
2272 239
2273 623
2274 663
2275 663
2276 663
2277 625
2278 241
2279 241
2280 1550
2281 1550
2282 1560
2284 622
2285 621
2287 1281
2288 1283
2289 1283
2290 239
2291 239
2292 1282
2293 1282
2294 555
2295 555
2296 555
2297 555
2298 554
2299 555
2300 562
2301 555
2302 1530
2303 116
2304 1530
2305 1530
2306 1530
2307 1530
2308 1
2309 1
2310 1530
2311 1532
2312 549
2313 549
2314 1532
2315 1532
2316 1532
2317 1532
2318 988
2319 988
2320 988
2321 988
2322 988
2323 989
2324 989
2325 989
2326 171
2327 171
2328 989
2329 171
2330 989
2331 989
2332 171
2333 581
2334 168
2335 1158
2336 173
2337 173
2338 173
2339 173
2340 171
2341 171
2342 172
2343 172
2344 168
2345 172
2346 168
2347 168
2348 1159
2349 1159
2350 1078
2351 1078
2352 1078
2353 1078
2354 1078
2355 1078
2356 1078
2357 1078
2358 1078
2359 1078
2360 1078
2361 1078
2362 1077
2363 1079
2364 1079
2365 1079
2366 1079
2367 1079
2368 1079
2369 1079
2370 1079
2371 1079
2372 1078
2373 1078
2374 1078
2375 1078
2376 1078
2377 1078
2378 1078
2379 1078
2380 1078
2381 1078
2382 84
2383 84
2384 1078
2385 84
2386 1078
2387 1078
2388 1078
2389 1078
2390 987
2391 987
2392 987
2393 987
2394 987
2395 987
2396 987
2397 987
2398 987
2399 987
2400 84
2401 84
2402 1078
2403 1078
2404 1078
2405 987
2406 598
2407 598
2408 84
2409 84
2410 84
2411 84
2412 598
2413 598
2414 160
2415 184
2416 160
2417 160
2418 169
2419 155
2420 184
2421 1503
2422 1547
2423 1547
2424 598
2425 84
2426 598
2427 598
2428 187
2429 187
2430 156
2431 156
2432 172
2433 172
2434 167
2435 167
2436 167
2437 167
2438 1161
2439 1161
2440 1162
2441 1161
2442 1162
2443 578
2444 1162
2445 1164
2446 164
2447 164
2448 1161
2449 1163
2450 1164
2451 1164
2452 1163
2453 1165
2454 169
2455 169
2456 156
2457 169
2458 156
2459 156
2460 153
2461 153
2462 84
2463 84
2464 172
2465 172
2466 172
2467 84
2468 84
2469 84
2470 172
2471 172
2472 172
2473 172
2474 172
2475 172
2476 172
2477 172
2478 173
2479 173
2480 173
2481 173
2482 987
2483 987
2484 987
2485 987
2486 989
2487 989
2488 987
2489 987
2490 989
2491 989
2492 989
2493 989
2494 986
2495 986
2496 986
2497 986
2498 988
2499 988
2500 988
2501 988
2502 986
2503 986
2504 987
2505 987
2506 987
2507 985
2508 986
2509 986
2510 1078
2511 81
2512 1078
2513 1078
2514 1078
2515 1078
2516 81
2517 81
2518 81
2519 81
2520 81
2521 81
2522 81
2523 81
2524 81
2525 81
2526 522
2527 81
2528 1080
2529 1080
2530 1080
2531 1080
2532 1080
2533 522
2534 519
2535 518
2536 519
2537 519
2538 519
2539 519
2540 519
2541 518
2542 519
2544 1473
2545 1473
2546 1473
2547 1473
2548 1474
2550 518
2551 523
2552 518
2553 1080
2554 518
2555 518
2556 518
2557 518
2558 523
2559 522
2560 523
2561 523
2562 518
2563 523
2564 523
2565 523
2566 522
2567 522
2568 81
2569 81
2570 81
2571 522
2572 522
2573 522
2574 520
2575 520
2576 520
2577 520
2578 520
2579 520
2580 520
2581 522
2582 1477
2583 1477
2584 520
2585 520
2586 520
2587 523
2588 1475
2589 1475
2590 521
2591 982
2592 521
2593 521
2594 521
2595 521
2596 521
2597 1477
2598 521
2599 983
2600 984
2601 983
2602 520
2603 520
2604 520
2605 521
2606 985
2607 985
2608 985
2609 985
2610 985
2611 985
2612 985
2613 81
2614 984
2615 984
2616 986
2617 986
2618 986
2619 986
2620 985
2621 985
2622 984
2623 984
2624 984
2625 984
2626 986
2627 984
2628 984
2629 984
2630 553
2631 553
2632 1477
2633 553
2634 1477
2635 1477
2636 1477
2637 1477
2638 554
2639 1624
2640 555
2641 554
2642 553
2643 553
2644 554
2645 1624
2646 1532
2647 553
2648 1532
2649 1532
2650 50
2651 50
2652 553
2653 553
2654 50
2655 50
2656 982
2657 982
2658 982
2659 982
2660 553
2661 553
2662 983
2663 983
2664 984
2665 983
2666 984
2667 983
2668 983
2669 983
2670 982
2671 982
2672 983
2673 982
2674 983
2675 983
2676 982
2677 982
2678 986
2679 986
2680 1646
2681 1646
2682 1644
2683 988
2684 988
2685 988
2686 988
2687 988
2688 988
2689 988
2690 990
2691 990
2692 990
2693 990
2694 548
2696 548
2698 547
2699 548
2700 547
2701 548
2702 556
2704 556
2706 1533
2707 556
2708 556
2709 556
2714 556
2715 556
2718 1118
2719 1118
2721 1118
2722 1118
2723 1118
2724 1118
2725 1118
2726 1464
2727 1464
2728 1464
2729 1464
2730 1466
2731 1464
2732 1464
2733 1464
2734 1464
2736 1464
2737 1464
2738 1464
2739 1464
2740 1464
2741 1464
2742 527
2743 528
2744 527
2745 527
2747 528
2748 528
2749 528
2750 530
2751 533
2753 530
2756 533
2757 547
2758 525
2759 525
2760 532
2761 532
2762 547
2764 525
2765 544
2766 529
2767 531
2769 529
2771 530
2772 530
2773 531
2774 1117
2775 1115
2776 531
2778 531
2779 532
2780 532
2781 532
2782 1118
2783 1118
2784 1119
2785 1119
2786 1119
2787 1117
2788 1117
2789 1117
2790 1120
2791 1120
2792 1122
2793 1464
2794 1122
2795 1120
2796 1120
2797 1120
2798 1121
2799 1121
2800 526
2801 526
2802 526
2803 527
2804 1121
2805 1121
2806 1539
2807 1539
2808 567
2809 1539
2810 575
2811 575
2812 576
2813 576
2814 1160
2815 1159
2816 1160
2817 1160
2818 566
2819 566
2820 566
2821 566
2822 585
2823 1158
2824 584
2825 584
2826 1542
2827 1542
2828 567
2829 585
2830 567
2831 1538
2832 580
2833 580
2834 579
2835 579
2836 577
2837 577
2838 582
2839 170
2840 1182
2841 582
2842 583
2843 583
2844 582
2845 165
2846 106
2847 106
2848 118
2849 118
2850 118
2851 118
2852 118
2853 118
2854 106
2855 106
2856 318
2857 106
2858 170
2859 170
2860 165
2861 132
2862 131
2863 131
2864 131
2865 131
2866 993
2867 131
2868 131
2869 109
2870 135
2871 135
2872 991
2873 135
2874 135
2875 135
2876 135
2877 1540
2878 989
2879 989
2880 990
2881 989
2882 991
2883 991
2884 989
2885 135
2886 990
2887 990
2888 990
2889 990
2890 990
2891 990
2892 991
2893 991
2894 991
2895 991
2896 991
2897 991
2898 991
2899 991
2900 991
2901 991
2902 991
2903 133
2904 991
2905 991
2906 993
2907 993
2908 133
2909 133
2910 133
2911 135
2912 133
2913 133
2914 106
2915 107
2916 132
2917 132
2918 118
2919 118
2920 118
2921 118
2922 131
2923 131
2924 131
2925 118
2926 19
2927 19
2928 115
2929 18
2930 18
2931 18
2932 18
2933 15
2944 115
2945 115
2946 19
2947 19
2951 648
2954 16
2957 648
2958 16
2959 13
2960 16
2961 16
2962 17
2963 16
2964 11
2965 11
2966 15
2967 14
2968 109
2969 109
2970 109
2971 109
2972 14
2973 14
2974 7
2975 7
2976 9
2977 12
2978 12
2979 12
2980 12
2981 11
2982 13
2983 13
2984 9
2985 12
2986 646
2987 646
2988 645
2990 643
2991 643
2992 646
2993 643
2994 643
2995 643
2996 643
2997 644
2998 6
2999 7
3000 3
3001 3
3002 3
3003 8
3004 8
3005 8
3006 2
3007 2
3008 116
3009 2
3010 1
3011 1
3012 4
3013 4
3014 560
3015 1564
3016 120
3017 1060
3018 130
3019 1060
3020 1060
3021 1564
3022 112
3023 112
3024 1530
3025 1530
3026 136
3027 136
3028 112
3029 112
3030 108
3031 120
3032 1535
3033 136
3034 1535
3035 1535
3036 561
3037 561
3038 4
3039 5
3040 0
3041 559
3042 120
3043 559
3044 560
3045 560
3046 9
3047 9
3048 5
3049 5
3050 5
3052 646
3053 646
3054 647
3056 647
3057 647
3059 647
3062 648
3063 648
3064 648
3065 648
3067 648
3073 1400
3074 1400
3075 1400
3076 1400
3082 1399
3086 1398
3087 1398
3088 1397
3089 1398
3090 1397
3091 1397
3093 1398
3096 609
3097 1397
3098 609
3099 609
3100 610
3101 610
3102 670
3103 670
3104 670
3105 670
3107 670
3108 1562
3109 669
3110 1399
3111 1399
3112 1399
3113 1399
3114 670
3115 1399
3119 670
3120 610
3121 610
3122 656
3123 656
3124 656
3125 656
3127 1399
3130 610
3136 1398
3137 1398
3139 1398
3142 645
3143 645
3144 646
3145 646
3148 1398
3149 645
3150 645
3151 648
3152 645
3153 645
3155 645
3158 13
3159 16
3160 13
3161 13
3162 645
3166 17
3167 17
3168 19
3169 15
3170 15
3171 17
3172 17
3173 17
3174 115
3175 115
3176 115
3177 115
3178 115
3179 115
3180 115
3181 19
3182 1465
3183 1465
3184 1467
3185 1467
3186 540
3187 540
3188 1465
3189 1465
3190 540
3191 540
3192 761
3193 540
3196 1464
3197 1465
3198 1464
3199 1464
3200 1466
3201 1466
3202 1466
3203 1466
3204 1466
3205 1116
3206 1466
3207 1116
3208 1116
3209 1115
3210 1116
3211 1114
3212 1114
3213 1114
3214 1468
3215 1468
3216 1468
3217 1468
3218 1114
3219 1114
3220 1467
3221 1467
3222 1466
3223 1466
3224 1466
3225 1468
3226 1468
3227 1468
3228 1465
3229 1466
3230 1465
3231 1465
3232 1465
3233 1465
3234 1465
3235 1465
3236 221
3237 221
3238 1508
3239 230
3240 1250
3241 1508
3242 1508
3243 221
3244 1247
3245 1247
3246 1249
3250 1247
3251 1247
3252 1279
3253 209
3254 1246
3255 1279
3257 1281
3258 1279
3259 1279
3260 1265
3261 1265
3262 233
3263 1266
3264 1246
3265 1246
3266 1264
3267 1264
3268 233
3269 233
3270 1248
3271 1248
3272 1248
3273 1248
3274 1247
3275 1247
3276 226
3277 543
3278 226
3279 226
3280 219
3281 226
3282 216
3283 216
3284 236
3285 236
3286 1533
3287 226
3291 237
3292 237
3293 1271
3295 238
3296 238
3297 238
3298 1272
3299 1272
3300 225
3301 1265
3302 216
3303 225
3304 217
3305 218
3306 1267
3307 1267
3308 221
3309 1270
3310 210
3311 210
3312 222
3313 1268
3314 1270
3315 1269
3317 1283
3319 240
3320 240
3321 240
3322 1283
3323 239
3324 1249
3325 1249
3326 1249
3327 1249
3330 1249
3334 607
3335 607
3336 607
3337 607
3338 608
3339 1285
3340 1250
3341 1250
3343 1250
3344 1251
3345 1251
3346 1250
3347 1250
3348 1251
3350 1251
3351 1251
3352 1251
3353 1251
3354 1251
3356 1249
3357 1248
3358 1250
3359 1250
3360 1250
3361 1249
3362 1249
3363 1249
3364 1276
3365 1275
3366 1276
3367 1276
3368 227
3369 227
3370 227
3371 220
3372 1274
3373 1274
3374 229
3375 231
3376 211
3377 1272
3378 1273
3379 1273
3380 228
3381 228
3382 1509
3383 1509
3384 1509
3385 1509
3386 1250
3387 1250
3388 508
3389 243
3390 243
3392 613
3393 613
3394 617
3395 613
3396 1551
3397 72
3398 614
3399 618
3400 67
3401 67
3402 1553
3403 619
3404 818
3405 818
3406 587
3407 818
3408 587
3409 587
3410 817
3411 817
3412 587
3413 587
3414 587
3415 587
3416 587
3417 587
3418 587
3419 587
3420 587
3421 1543
3422 587
3423 587
3424 590
3425 1543
3426 1543
3427 1543
3428 1543
3429 1543
3430 1543
3431 1543
3432 1543
3433 1543
3434 1543
3435 1543
3436 1543
3437 1543
3438 1543
3439 1543
3440 1543
3441 1543
3442 1543
3443 1543
3444 1543
3445 1543
3446 1543
3447 1543
3448 1543
3449 1543
3450 1543
3451 1543
3452 175
3453 1543
3454 175
3455 175
3456 175
3458 1543
3459 1543
3460 175
3461 175
3462 175
3463 175
3464 175
3466 175
3468 175
3470 590
3471 175
3472 590
3473 590
3474 590
3476 586
3477 590
3478 586
3479 586
3480 586
3482 590
3484 586
3485 586
3486 535
3487 586
3490 586
3494 1123
3495 1123
3496 1124
3497 1123
3500 992
3501 992
3502 992
3503 992
3504 992
3505 993
3506 992
3507 992
3508 170
3509 170
3510 165
3511 165
3512 133
3513 133
3514 993
3515 993
3516 133
3517 133
3518 107
3519 132
3520 133
3521 133
3522 993
3523 993
3524 133
3525 133
3526 132
3527 132
3528 992
3529 992
3530 992
3531 992
3532 992
3533 992
3534 992
3535 992
3536 170
3537 170
3538 165
3539 165
3540 992
3541 992
3542 992
3543 992
3544 993
3545 993
3546 992
3547 992
3548 107
3549 107
3550 170
3551 165
3552 993
3553 993
3554 131
3555 131
3556 131
3557 131
3558 118
3559 106
3560 1646
3561 1646
3562 1637
3563 1637
3564 1628
3565 1644
3566 1646
3567 1647
3568 1644
3569 1672
3570 1644
3571 1644
3572 49
3573 49
3574 1670
3575 49
3576 1636
3577 1626
3578 1636
3579 1636
3580 1626
3581 1626
3582 46
3583 1626
3584 46
3585 46
3586 46
3587 46
3588 451
3589 451
3590 49
3591 49
3592 1672
3593 1672
3594 1672
3595 1672
3596 1636
3597 1636
3598 451
3599 451
3600 1668
3601 1632
3602 1641
3603 1641
3604 1643
3605 995
3606 992
3607 992
3608 992
3609 992
3610 990
3611 990
3618 992
3619 992
3620 992
3621 992
3622 992
3623 992
3624 1643
3625 996
3626 1672
3627 1672
3628 1670
3629 1670
3632 1672
3633 1672
3634 1673
3635 1673
3636 1645
3637 1645
3639 1628
3642 1672
3643 1672
3644 992
3645 992
3646 1645
3647 1645
3648 1628
3649 1628
3650 994
3651 994
3652 992
3653 992
3654 992
3655 992
3656 990
3657 1672
3658 1672
3659 1672
3664 1670
3665 1670
3668 1626
3669 1626
3670 1672
3671 1672
3672 1672
3673 1672
3674 1637
3675 1637
3676 1645
3677 1645
3678 1647
3679 1647
3680 1645
3681 1645
3682 1668
3683 1668
3684 451
3685 451
3688 1668
3689 1668
3692 992
3693 992
3694 992
3695 992
3696 1672
3697 992
3698 992
3699 992
3702 1647
3703 1647
3704 1647
3705 1647
3706 1647
3707 1644
3708 1672
3709 1672
3710 1672
3711 1672
3713 1672
3714 990
3715 992
3716 992
3717 992
3718 992
3719 992
3720 992
3721 992
3722 992
3723 992
3724 992
3725 992
3726 994
3727 994
3728 994
3729 994
3731 994
3734 1640
3735 1640
3737 1640
3752 992
3753 992
3754 992
3755 992
3756 992
3757 992
3758 992
3759 992
3760 992
3761 992
3762 990
3763 992
3764 990
3765 1672
3766 1672
3767 1672
3768 1672
3769 1672
3770 1647
3771 1647
3772 1673
3773 1673
3774 1637
3775 1637
3776 1636
3777 1636
3778 1626
3779 1626
3780 1670
3781 1670
3782 451
3783 451
3784 451
3785 451
3786 451
3787 451
3788 1668
3789 1668
3790 1634
3791 1634
3792 1627
3793 1627
3794 1641
3795 1641
3796 1643
3797 1643
3798 1643
3799 1643
3800 1669
3801 1669
3802 1635
3803 1635
3808 1670
3809 1670
3810 1670
3811 1670
3812 1671
3813 1671
3814 1671
3815 1671
3818 1640
3819 1640
3820 1632
3821 1632
3822 1632
3823 1632
3826 1640
3827 1640
3886 992
3887 992
3888 992
3889 992
3890 992
3891 992
3892 992
3893 992
3894 1672
3895 1672
3896 1672
3897 1672
3898 1672
3899 1672
3900 1647
3906 1647
3908 1647
3909 1644
3910 1672
3911 1672
3912 1672
3913 1672
3914 994
3917 994
3924 51
3944 1672
3945 1672
3946 1672
3947 1672
3948 1672
3949 1672
3950 1672
3951 1672
3952 990
3953 1672
3954 1645
3955 1645
3956 1645
3957 1645
3958 1645
3959 1645
3960 1645
3961 1645
3977 1640
3978 1640
3980 1640
3982 1640
3983 1640
3985 1640
3987 994
3988 994
3990 992
3991 992
3992 992
3993 1628
3994 992
3995 992
3996 992
3997 992
3998 992
3999 992
4000 992
4001 992
4002 990
4003 1672
4004 990
4005 1672
4006 1645
4007 1645
4008 1645
4009 1645
4010 1645
4011 1645
4012 1645
4013 1645
4028 1640
4029 1640
4030 1640
4031 1640
4032 1640
4033 1640
4034 1640
4035 1640
4036 1640
4037 1640
4038 1640
4039 1640
4040 994
4041 994
4042 994
4043 994
4044 992
4045 994
4046 1628
4047 992
4048 992
4049 992
4050 992
4051 992
4052 992
4053 992
4054 992
4055 1672
4056 1672
4057 1672
4058 1672
4060 1628
4062 992
4063 992
4064 992
4067 992
4070 990
4071 990
4072 990
4073 990
4074 990
4075 992
4078 1645
4079 1645
4081 992
4082 1635
4083 992
4084 1635
4085 1635
4086 1635
4087 1635
4088 1635
4089 1635
4090 1635
4091 1635
4092 1672
4093 1672
4094 990
4095 1645
4096 1635
4097 1635
4098 992
4099 1635
4100 992
4101 1635
4102 992
4103 992
4104 992
4105 992
4106 1635
4107 1635
4108 1672
4109 1672
4110 1672
4111 1672
4112 1672
4113 1672
4114 1635
4115 1635
4116 1672
4117 1672
4118 1672
4119 1635
4120 1635
4121 1635
4122 1635
4123 1635
4124 992
4125 992
4126 992
4127 992
4128 992
4129 992
4130 992
4131 992
4132 992
4133 992
4134 1635
4135 1635
4136 1635
4138 1635
4139 1635
4140 1635
4141 1635
4142 1635
4143 1635
4144 1635
4145 1635
4146 1635
4147 1635
4148 1635
4149 1635
4150 1635
4151 1635
4152 1672
4153 1672
4154 1672
4155 1672
4156 1672
4157 990
4158 992
4160 994
4162 994
4163 994
4164 994
4165 994
4166 1669
4167 1669
4172 994
4174 994
4175 994
4178 451
4179 1668
4182 451
4183 1668
4192 1670
4193 1670
4194 1626
4195 1670
4204 1626
4205 1670
4206 1670
4207 1670
4224 1639
4225 1639
4226 1645
4227 1645
4228 1647
4229 1647
4230 1639
4231 1639
4236 1645
4237 1645
4238 1645
4239 1645
4240 1644
4241 1644
4242 1645
4243 1645
4244 1672
4245 1644
4246 1644
4247 1644
4250 1672
4251 1644
4252 1645
4253 1645
4254 990
4255 990
4258 451
4259 1670
4262 1670
4263 1670
4276 1670
4277 1670
4278 1670
4279 1670
4288 1407
4289 432
4290 432
4291 873
4292 894
4293 1405
4294 895
4295 1407
4296 912
4297 733
4298 733
4299 887
4300 913
4301 1658
4302 1658
4303 1667
4304 1667
4305 1667
4306 1667
4307 1658
4308 1658
4309 1681
4310 1681
4311 1681
4312 1681
4313 1681
4314 1667
4315 1681
4316 1667
4317 1667
4318 1667
4319 1665
4320 1665
4321 1658
4322 1658
4323 1658
4324 1658
4325 1681
4326 1681
4327 1681
4328 1681
4329 1665
4330 1665
4331 1665
4332 1665
4333 1680
4334 1664
4335 1664
4336 1681
4337 1664
4338 1681
4339 980
4340 1658
4341 1665
4342 1665
4343 1665
4344 1665
4345 980
4346 980
4347 40
4348 40
4349 40
4350 40
4351 1678
4352 1678
4353 40
4354 1678
4355 40
4356 40
4357 40
4358 40
4359 40
4360 40
4361 40
4362 40
4363 40
4364 40
4365 40
4366 40
4367 1662
4368 40
4369 40
4370 40
4371 1648
4372 1648
4373 1648
4374 1648
4375 1648
4376 1648
4377 1648
4378 1648
4379 1676
4380 1648
4381 1660
4382 1648
4383 1676
4384 1676
4385 1676
4386 1676
4387 1648
4388 1676
4389 1648
4390 1676
4391 1676
4392 1676
4393 1676
4394 1676
4395 1648
4396 1648
4397 1648
4398 1648
4399 1648
4400 1648
4401 40
4402 1648
4403 40
4404 40
4405 40
4406 40
4407 40
4408 40
4409 40
4410 40
4411 43
4412 40
4413 40
4414 40
4415 44
4416 40
4417 43
4418 43
4419 40
4420 40
4421 40
4422 40
4423 1603
4424 1603
4425 1603
4426 40
4427 40
4428 40
4429 1648
4430 1648
4431 981
4432 981
4433 1603
4434 40
4435 1648
4436 1676
4437 1676
4438 1676
4439 1676
4440 980
4441 981
4442 981
4443 968
4444 967
4445 1661
4446 968
4447 1661
4448 1677
4449 1661
4450 41
4451 41
4452 1649
4453 1649
4454 1674
4455 1649
4456 1649
4457 41
4458 41
4459 43
4460 43
4461 1678
4462 1678
4463 40
4464 40
4465 43
4466 43
4467 43
4468 43
4469 43
4470 43
4471 43
4472 43
4473 43
4474 43
4475 1678
4476 450
4477 450
4478 450
4479 450
4480 450
4481 450
4482 450
4483 1674
4484 42
4485 1656
4486 1656
4487 42
4488 1656
4489 42
4490 42
4491 968
4492 1679
4493 1679
4494 1651
4495 1679
4496 1651
4497 968
4498 1679
4499 1680
4500 1680
4501 1664
4502 1664
4503 1664
4504 1664
4505 1680
4506 1680
4507 1675
4508 1675
4509 972
4510 972
4511 972
4512 972
4513 1675
4514 1675
4515 1651
4516 1651
4517 1675
4518 1675
4519 1675
4520 1675
4521 1651
4522 1651
4523 972
4524 972
4525 972
4526 974
4527 972
4528 972
4529 972
4530 972
4531 1681
4532 1681
4533 1665
4534 1665
4535 1665
4536 1665
4537 1681
4538 1681
4539 1680
4540 1680
4541 1664
4542 1664
4543 1664
4544 1681
4545 1680
4546 1680
4547 974
4548 974
4549 1680
4550 1680
4551 1680
4552 1680
4553 974
4554 1680
4555 1665
4556 980
4557 980
4558 980
4559 980
4560 980
4561 1665
4562 1665
4563 44
4564 44
4565 44
4566 44
4567 44
4568 44
4569 1603
4570 44
4571 1603
4572 1603
4573 1603
4574 1603
4575 1603
4576 1603
4577 1603
4578 1603
4579 981
4580 981
4581 1603
4582 1603
4583 1603
4584 1603
4585 981
4586 981
4587 980
4588 980
4589 981
4590 981
4591 981
4592 981
4593 980
4594 980
4595 44
4596 44
4597 44
4598 1578
4599 449
4600 449
4601 44
4602 44
4603 971
4604 971
4605 972
4606 972
4607 972
4608 972
4609 1675
4610 972
4611 972
4612 972
4613 974
4614 974
4615 974
4616 974
4617 972
4618 972
4619 1681
4620 1665
4621 1665
4622 1665
4623 1665
4624 1665
4625 1681
4626 1665
4627 1680
4628 1680
4629 1680
4630 1664
4631 1664
4632 1664
4633 1680
4634 1680
4635 974
4636 974
4637 974
4638 974
4639 974
4640 1680
4641 974
4642 974
4643 773
4644 772
4645 30
4646 330
4647 772
4648 330
4649 772
4650 772
4651 23
4652 23
4653 26
4654 26
4655 26
4656 966
4657 45
4658 45
4659 1578
4660 1578
4661 327
4662 345
4663 345
4664 345
4665 449
4666 449
4667 327
4668 22
4669 22
4670 22
4671 22
4672 45
4673 345
4674 345
4675 34
4676 330
4677 969
4678 969
4679 969
4680 969
4681 330
4682 968
4683 969
4684 970
4685 970
4686 970
4687 970
4688 970
4689 969
4690 970
4691 968
4692 968
4693 1679
4694 1651
4695 1679
4696 1651
4697 968
4698 968
4699 1651
4700 1651
4701 1651
4702 970
4703 1651
4704 1651
4705 966
4706 1661
4707 967
4708 968
4709 967
4710 968
4711 41
4712 1661
4713 45
4714 45
4715 41
4716 41
4717 41
4718 41
4719 45
4720 1649
4721 450
4722 42
4723 42
4724 45
4725 42
4726 42
4727 450
4728 42
4729 450
4730 450
4731 450
4732 450
4733 450
4734 450
4735 1651
4736 969
4737 969
4738 969
4739 970
4740 970
4741 969
4742 969
4743 968
4744 968
4745 968
4746 968
4747 969
4748 969
4749 968
4750 967
4751 966
4752 966
4753 966
4754 966
4755 967
4756 967
4757 41
4758 41
4759 45
4760 45
4761 45
4762 45
4763 966
4764 966
4765 42
4766 450
4767 345
4768 345
4769 45
4770 45
4771 45
4772 45
4773 450
4774 450
4775 450
4776 450
4777 345
4778 345
4779 742
4780 1584
4781 785
4782 785
4783 741
4784 740
4785 1137
4786 741
4787 58
4788 55
4789 1017
4790 755
4791 755
4792 755
4793 55
4794 756
4795 60
4796 1452
4797 60
4798 1452
4799 1452
4800 1452
4801 1452
4802 1452
4803 1446
4804 1446
4806 748
4807 748
4808 747
4809 748
4810 748
4811 690
4812 756
4813 755
4814 755
4815 753
4816 753
4817 283
4821 1446
4822 1446
4823 1447
4824 1447
4825 1448
4826 1448
4827 1567
4828 1411
4829 1569
4830 1568
4831 696
4832 697
4833 1054
4834 702
4835 1137
4836 1137
4837 740
4838 740
4840 740
4841 1136
4842 1137
4843 1135
4844 739
4845 1135
4846 739
4847 1136
4848 1135
4849 1136
4850 1136
4851 712
4852 1571
4853 277
4854 1607
4855 281
4856 1450
4857 280
4858 285
4859 753
4860 753
4861 1155
4862 1155
4863 754
4864 754
4865 754
4866 754
4868 747
4869 1156
4870 1156
4871 1156
4872 1156
4873 747
4874 747
4875 1132
4876 1453
4877 1453
4878 1453
4879 1453
4880 1453
4881 1132
4882 1453
4883 371
4884 371
4885 371
4886 371
4887 371
4888 371
4889 371
4890 371
4891 371
4892 371
4893 371
4894 371
4895 371
4896 371
4897 821
4898 821
4899 1010
4900 1010
4901 1010
4902 1010
4903 1132
4904 1132
4905 1132
4906 1132
4907 737
4908 737
4909 305
4910 305
4911 737
4912 1205
4913 737
4914 737
4915 1131
4916 737
4917 737
4918 737
4919 1205
4920 1205
4921 738
4922 738
4923 1131
4924 738
4925 738
4926 738
4927 1204
4928 1204
4929 738
4930 1204
4931 738
4932 1204
4933 1204
4934 1204
4935 1204
4936 1204
4937 1204
4938 1204
4939 1204
4940 738
4941 738
4942 1205
4943 1205
4944 809
4945 805
4946 808
4947 804
4948 804
4949 804
4950 805
4951 805
4952 1129
4953 1129
4954 1129
4955 1129
4956 1129
4957 1129
4958 1130
4959 1129
4960 844
4961 844
4962 381
4963 381
4964 1205
4965 381
4966 1205
4967 1205
4968 842
4969 1591
4970 381
4971 381
4972 841
4973 841
4974 830
4975 829
4976 1128
4977 1129
4978 1129
4979 1129
4980 1129
4981 1129
4982 1128
4983 1128
4984 1200
4985 1200
4986 1200
4987 1200
4988 1202
4989 1129
4990 1202
4991 1202
4992 1202
4993 1200
4994 1200
4995 1200
4996 1200
4997 1200
4998 1200
4999 1200
5000 824
5001 824
5002 824
5003 1460
5004 1460
5005 1460
5006 1460
5007 1460
5008 820
5009 820
5010 1461
5011 1461
5012 1623
5013 1623
5014 1623
5015 1623
5016 1461
5017 1461
5018 1461
5019 1461
5020 1623
5021 1623
5022 1623
5023 1623
5024 1460
5025 1460
5026 1460
5027 1460
5028 1460
5029 1461
5030 1460
5031 1460
5032 1131
5033 1455
5034 1455
5035 1455
5036 1455
5037 1454
5038 1455
5039 1455
5040 1010
5041 1131
5042 1131
5043 1131
5044 1131
5045 1131
5046 1132
5047 1132
5048 1131
5049 1131
5050 1130
5051 1130
5052 1455
5053 1455
5054 1131
5055 1131
5056 1131
5057 1131
5058 1131
5059 1131
5060 1131
5061 1131
5062 1131
5063 1131
5064 1131
5065 1131
5066 738
5067 738
5068 1131
5069 1204
5070 1131
5071 1131
5072 1129
5073 1129
5074 1129
5075 1129
5076 1129
5077 1129
5078 1129
5079 1129
5080 1202
5081 1202
5082 1202
5083 1129
5084 1129
5085 1129
5086 1129
5087 1129
5088 1204
5089 1204
5090 1204
5091 1204
5092 1204
5093 1204
5094 1204
5095 1204
5096 1204
5097 1204
5098 1204
5099 1204
5100 1202
5101 1202
5102 1202
5103 1202
5104 1202
5105 1202
5106 1202
5107 1202
5108 1202
5109 1202
5110 1202
5111 1202
5112 1204
5113 1204
5114 1204
5115 1204
5116 1204
5117 1204
5118 1204
5119 1204
5120 1131
5121 1129
5122 1129
5123 1129
5124 1129
5125 1129
5126 1131
5127 1130
5128 1130
5129 1130
5130 1130
5131 1130
5132 1130
5133 1130
5134 1130
5135 1130
5136 1128
5137 1128
5138 1128
5139 1128
5140 1128
5141 1128
5142 1128
5143 1128
5144 1130
5145 1130
5146 1130
5147 1128
5148 1128
5149 1128
5150 1130
5151 1130
5152 1128
5153 1128
5154 1128
5155 1128
5156 744
5157 1126
5158 744
5159 744
5160 1130
5161 1130
5162 744
5163 1128
5164 744
5165 744
5166 759
5167 744
5168 760
5169 760
5170 760
5171 759
5172 759
5173 1130
5174 759
5175 759
5176 1130
5177 1130
5178 1130
5179 1130
5180 1130
5181 1130
5182 1130
5183 1130
5184 1130
5185 1455
5186 760
5187 1456
5188 1456
5189 1456
5190 1455
5191 1455
5192 1455
5193 1456
5194 306
5195 306
5196 1455
5197 1454
5198 1455
5199 1455
5200 306
5201 306
5202 1149
5203 1149
5204 1149
5205 1149
5206 1454
5207 306
5208 1454
5209 1454
5210 1454
5211 470
5212 1452
5213 1452
5214 59
5215 59
5216 1454
5217 1454
5218 1454
5219 1454
5220 1454
5221 1454
5222 1454
5223 1454
5224 306
5225 306
5226 306
5227 306
5228 1454
5229 1454
5230 1454
5231 1454
5232 306
5233 306
5234 1149
5235 1149
5236 1149
5237 1149
5238 1149
5239 1149
5240 306
5241 306
5242 306
5243 306
5244 306
5245 306
5246 306
5247 306
5248 306
5249 306
5250 306
5251 306
5252 306
5253 306
5254 306
5255 372
5256 371
5257 1149
5258 1149
5259 1149
5260 1149
5261 306
5262 372
5263 1149
5264 1149
5265 1149
5266 306
5267 306
5268 306
5269 1149
5270 1149
5271 306
5272 306
5273 306
5274 1149
5275 1149
5276 1149
5277 306
5278 1149
5279 1149
5280 1458
5281 1458
5282 1458
5283 372
5284 1456
5285 1458
5286 1457
5287 1457
5288 824
5289 824
5290 824
5291 824
5292 824
5293 824
5294 824
5295 824
5296 1459
5297 824
5298 824
5299 824
5300 1459
5301 824
5302 1459
5303 1459
5304 372
5305 372
5306 372
5307 372
5308 372
5309 372
5310 372
5311 372
5312 371
5313 371
5314 372
5315 372
5316 372
5317 372
5318 469
5319 821
5320 372
5321 372
5322 372
5323 372
5324 372
5325 372
5326 372
5327 372
5328 824
5329 372
5330 372
5331 372
5332 372
5333 372
5334 1458
5335 824
5336 372
5337 372
5338 372
5339 372
5340 372
5341 372
5342 372
5343 372
5344 372
5345 372
5346 372
5347 372
5348 306
5349 306
5350 372
5351 372
5352 1456
5353 306
5354 306
5355 306
5356 306
5357 306
5358 1456
5359 1456
5360 1457
5361 1457
5362 1456
5363 1456
5364 1456
5365 1456
5366 760
5367 1457
5368 760
5369 760
5370 1459
5371 1459
5372 760
5373 760
5374 759
5375 760
5376 759
5377 759
5378 744
5379 744
5380 1461
5381 1461
5382 1460
5383 759
5384 744
5385 744
5386 743
5387 743
5388 743
5389 743
5390 1461
5391 743
5392 58
5393 58
5394 304
5395 304
5396 304
5397 304
5398 58
5399 58
5400 470
5401 1019
5402 304
5403 304
5404 304
5405 304
5406 1044
5407 1019
5408 762
5409 762
5410 762
5411 762
5412 311
5413 311
5414 311
5415 311
5416 761
5417 761
5418 761
5419 761
5420 761
5421 761
5422 762
5423 762
5424 762
5425 1100
5426 1100
5427 1100
5428 1099
5429 1099
5430 311
5431 1099
5432 1100
5433 1100
5434 1100
5435 1100
5436 1100
5437 1101
5438 1100
5439 1100
5440 1153
5441 1153
5442 1153
5443 1153
5444 1154
5445 1154
5446 1154
5447 1154
5448 755
5449 755
5450 1152
5451 1152
5452 1153
5453 1153
5454 755
5455 1153
5456 1100
5457 1101
5458 1101
5459 1101
5460 1101
5461 307
5462 1101
5463 307
5464 1152
5465 1152
5466 1099
5467 1099
5468 1100
5469 1100
5470 1152
5471 1152
5472 304
5473 1151
5474 1151
5475 1151
5476 1152
5477 1152
5478 304
5479 755
5480 304
5481 304
5482 1151
5483 1151
5484 1151
5485 1151
5486 304
5487 1151
5488 1151
5489 1151
5490 1097
5491 1097
5492 1098
5493 1098
5494 1151
5495 1151
5496 1149
5497 1149
5498 1149
5499 1149
5500 1149
5501 1149
5502 1149
5503 1149
5504 470
5505 470
5506 1150
5507 1150
5508 304
5509 304
5510 470
5511 470
5512 1149
5513 1149
5514 1149
5515 1149
5516 1149
5517 1149
5518 1149
5519 1149
5520 304
5521 1150
5522 1150
5523 1150
5524 1150
5525 1150
5526 1151
5527 1150
5528 1150
5529 1149
5530 1149
5531 1149
5532 1149
5533 1149
5534 1150
5535 1150
5536 1149
5537 1149
5538 1149
5539 1149
5540 1149
5541 1149
5542 1149
5543 1149
5544 371
5545 371
5546 371
5547 371
5548 1147
5549 371
5550 1147
5551 1147
5552 1149
5553 1149
5554 1149
5555 1149
5556 1149
5557 1149
5558 1149
5559 1149
5560 371
5561 371
5562 1149
5563 1149
5564 371
5565 371
5566 371
5567 371
5568 1149
5569 1149
5570 1149
5571 1149
5572 371
5573 1149
5574 371
5575 371
5576 371
5577 371
5578 371
5579 371
5580 371
5581 371
5582 371
5583 371
5584 1149
5585 371
5586 371
5587 371
5588 371
5589 1147
5590 1148
5591 1148
5592 1149
5593 1149
5594 1149
5595 1148
5596 1148
5597 1148
5598 1095
5599 1095
5600 1150
5601 1150
5602 1149
5603 1149
5604 1095
5605 1095
5606 1096
5607 1150
5608 1097
5609 1150
5610 1150
5611 1150
5612 1097
5613 1150
5614 1097
5615 1097
5616 1096
5617 1096
5618 308
5619 309
5620 308
5621 308
5622 1097
5623 308
5624 1098
5625 1098
5626 1098
5627 1097
5628 310
5629 308
5630 310
5631 310
5632 1151
5633 1152
5634 1098
5635 1099
5636 1099
5637 1099
5638 1152
5639 1152
5640 1099
5641 1099
5642 1098
5643 1098
5644 310
5645 310
5646 1099
5647 311
5648 311
5649 311
5650 311
5651 312
5652 312
5653 312
5654 311
5655 312
5656 1199
5657 1199
5658 1200
5659 1200
5660 1199
5661 1200
5662 1199
5663 1199
5664 1200
5665 1200
5666 1200
5667 1200
5668 1200
5669 1200
5670 1200
5671 1200
5672 1202
5673 1202
5674 1202
5675 1202
5676 1201
5677 1201
5678 1201
5679 1201
5680 1199
5681 825
5682 1201
5683 1201
5684 839
5685 839
5686 839
5687 838
5688 828
5689 828
5690 840
5691 840
5692 837
5693 837
5694 833
5695 838
5696 834
5697 834
5698 380
5699 380
5700 825
5701 825
5702 836
5703 837
5704 1198
5705 1198
5706 1199
5707 836
5708 1197
5709 836
5710 1196
5711 1197
5712 1195
5713 1195
5714 831
5715 832
5716 374
5717 374
5718 1193
5719 379
5720 1191
5721 376
5722 374
5723 377
5724 377
5725 1510
5726 368
5727 368
5728 378
5729 378
5730 378
5731 835
5732 835
5733 1589
5734 1510
5735 375
5736 795
5737 795
5738 794
5739 375
5740 803
5741 803
5742 792
5743 792
5744 798
5745 797
5746 802
5747 801
5748 1175
5749 1175
5750 1174
5751 1174
5752 797
5753 798
5754 1173
5755 1174
5756 367
5757 1173
5758 796
5759 367
5760 796
5761 369
5762 367
5763 1172
5764 368
5765 1171
5766 370
5767 369
5768 822
5769 822
5770 822
5771 822
5772 822
5773 822
5774 822
5775 822
5776 1144
5777 1143
5778 1143
5779 1144
5780 1143
5781 1143
5782 1143
5783 1143
5784 1144
5785 1461
5786 1144
5787 1143
5788 1143
5789 1143
5790 1091
5791 1091
5792 1146
5793 1146
5794 1146
5795 1145
5796 1145
5797 1144
5798 1093
5799 1460
5800 1145
5801 1145
5802 1145
5803 1145
5804 1144
5805 1145
5806 1145
5807 1144
5808 818
5809 818
5810 1143
5811 1143
5812 818
5813 818
5814 818
5815 818
5816 371
5817 821
5818 371
5819 371
5820 821
5821 821
5822 821
5823 821
5824 821
5825 821
5826 371
5827 821
5828 821
5829 821
5830 821
5831 821
5832 310
5833 312
5834 310
5835 763
5836 763
5837 763
5838 312
5839 312
5840 764
5841 764
5842 763
5843 763
5844 763
5845 763
5846 764
5847 764
5848 1094
5849 1094
5850 309
5851 309
5852 1096
5853 1096
5854 1094
5855 1095
5856 1095
5857 1093
5858 1093
5859 1093
5860 1093
5861 1093
5862 1093
5863 1093
5864 1091
5865 1091
5866 1091
5867 1091
5868 1091
5869 1091
5870 1092
5871 1092
5872 1092
5873 1092
5874 1092
5875 1090
5876 764
5877 763
5878 764
5879 764
5880 1129
5881 1129
5882 1129
5883 1129
5884 1129
5885 1129
5886 1129
5887 1129
5888 1129
5889 1129
5890 1129
5891 1129
5892 1129
5893 1129
5894 1129
5895 1129
5897 1405
5901 1404
5902 1406
5903 1405
5904 779
5905 779
5906 779
5907 779
5908 779
5909 779
5910 767
5911 779
5912 919
5913 919
5914 919
5915 921
5916 919
5917 919
5918 872
5919 919
5920 446
5921 446
5922 446
5923 1316
5924 1316
5925 1315
5926 1316
5927 1316
5928 902
5929 901
5930 921
5931 921
5932 901
5933 900
5934 901
5935 901
5936 1317
5937 1317
5938 1317
5939 1317
5940 1318
5941 1318
5944 920
5945 902
5946 902
5947 902
5948 902
5949 901
5950 902
5951 1315
5952 936
5953 903
5954 903
5955 903
5956 903
5957 1315
5958 903
5959 1314
5960 937
5961 937
5962 936
5963 936
5964 1313
5965 1313
5966 1312
5967 1312
5972 1401
5973 1401
5974 940
5977 940
5978 940
5979 940
5980 1599
5981 938
5982 1599
5983 1599
5984 333
5985 334
5986 1496
5987 727
5988 334
5989 334
5990 727
5991 334
5992 728
5993 334
5994 334
5995 334
5996 334
5997 334
5998 334
5999 1446
6000 1446
6003 770
6004 351
6005 1580
6006 351
6007 351
6008 351
6009 1577
6010 351
6011 1580
6012 1576
6013 765
6014 765
6015 1576
6016 407
6017 1576
6018 1576
6019 350
6020 315
6021 315
6022 407
6023 1517
6024 1517
6025 332
6026 332
6027 350
6028 350
6029 350
6030 350
6031 337
6032 1511
6033 333
6034 337
6035 769
6036 766
6037 770
6038 766
6039 1577
6040 1577
6041 766
6042 1577
6043 1577
6044 333
6045 333
6046 333
6047 333
6048 334
6050 333
6051 1496
6052 1494
6053 383
6054 1495
6055 383
6056 389
6057 390
6058 392
6059 400
6060 853
6061 853
6062 390
6063 854
6064 338
6065 1487
6066 849
6067 859
6068 857
6069 1616
6070 1616
6071 1293
6072 1293
6073 1293
6074 865
6075 1292
6076 1292
6077 391
6078 859
6079 850
6080 850
6081 848
6082 1484
6083 856
6084 893
6085 893
6086 896
6087 896
6088 926
6089 926
6090 928
6091 927
6092 871
6093 871
6094 871
6096 874
6097 874
6098 922
6099 874
6100 923
6101 924
6102 877
6103 877
6104 880
6105 880
6106 925
6107 925
6108 1319
6109 1319
6110 899
6111 899
6112 898
6113 923
6114 897
6115 898
6116 900
6117 900
6118 921
6119 921
6120 921
6121 921
6122 922
6123 922
6124 878
6125 878
6126 878
6127 922
6128 873
6129 873
6130 733
6131 718
6132 293
6133 1420
6134 742
6135 705
6136 271
6137 1585
6138 292
6139 1446
6140 1447
6141 732
6142 728
6143 1447
6144 291
6145 300
6146 1436
6147 783
6148 783
6149 1439
6150 1584
6151 714
6152 1440
6153 359
6154 894
6155 735
6156 341
6157 1582
6158 1432
6159 360
6160 296
6161 720
6162 1325
6163 1325
6164 1324
6165 1324
6166 1324
6167 1323
6168 929
6169 891
6170 1327
6171 1326
6172 1343
6173 960
6174 960
6175 961
6176 1326
6177 1326
6178 1340
6179 1345
6180 1342
6181 1342
6182 1327
6183 1327
6184 1328
6185 1328
6186 1354
6187 1353
6188 1353
6189 1352
6190 943
6191 943
6192 443
6193 443
6194 1600
6195 1600
6196 1356
6197 1356
6198 1354
6199 1355
6200 445
6201 445
6202 941
6203 941
6204 941
6205 941
6206 953
6207 1618
6208 942
6209 953
6210 1315
6211 1315
6212 1357
6213 1357
6214 1357
6215 1357
6216 1314
6217 1618
6218 1355
6219 1357
6220 446
6221 446
6222 946
6223 946
6224 1355
6225 946
6226 955
6227 440
6228 444
6229 444
6230 435
6231 435
6232 1345
6233 955
6234 1519
6235 1519
6236 1519
6237 440
6238 440
6239 440
6242 444
6243 436
6244 436
6245 436
6246 960
6247 951
6248 435
6249 444
6250 948
6251 948
6252 950
6253 947
6254 947
6255 438
6256 948
6257 948
6258 1322
6259 1321
6260 1320
6261 950
6262 1320
6263 1320
6264 1321
6265 897
6266 961
6267 951
6268 951
6269 951
6270 952
6271 949
6272 952
6273 952
6274 949
6275 437
6276 437
6277 436
6278 437
6279 436
6280 437
6281 1519
6282 438
6283 438
6284 439
6286 439
6287 439
6288 945
6289 945
6290 1352
6291 1351
6292 1351
6293 1351
6294 1351
6295 434
6296 944
6297 944
6299 1349
6300 1347
6301 1346
6302 1373
6303 1372
6304 1350
6305 442
6306 1596
6307 905
6308 904
6309 904
6310 935
6311 934
6312 914
6313 1598
6314 1329
6315 1329
6316 1330
6317 1331
6318 1391
6319 1390
6320 1620
6321 1392
6322 917
6323 917
6324 917
6325 1596
6326 933
6327 1598
6328 933
6329 933
6330 430
6331 886
6332 886
6333 1290
6334 888
6335 932
6336 931
6337 932
6338 396
6339 429
6340 429
6341 430
6342 931
6343 931
6344 884
6345 883
6346 1291
6347 1291
6348 1289
6349 1289
6350 1290
6351 1289
6352 1291
6353 1291
6354 778
6355 778
6356 777
6357 777
6358 777
6359 740
6360 777
6361 777
6362 21
6363 21
6364 1578
6365 1578
6366 771
6367 771
6368 21
6369 21
6370 1579
6371 771
6372 771
6373 1578
6374 1579
6375 1579
6376 1579
6377 1579
6378 976
6379 976
6380 976
6381 976
6382 976
6383 976
6384 975
6385 976
6386 364
6387 364
6388 364
6389 975
6390 975
6391 975
6392 804
6393 975
6394 1587
6395 1587
6396 366
6397 366
6398 366
6399 366
6400 364
6401 364
6402 365
6403 365
6404 366
6405 366
6406 810
6407 810
6408 810
6409 810
6410 737
6411 737
6412 737
6413 737
6414 737
6415 737
6416 737
6417 737
6418 737
6419 1131
6420 1131
6421 1131
6422 1131
6423 1131
6424 1131
6425 1131
6426 1131
6427 1131
6428 1131
6429 1131
6430 1131
6431 1131
6432 1131
6433 1131
6434 737
6435 737
6436 737
6437 737
6438 1010
6439 1010
6440 737
6441 1010
6442 305
6443 737
6444 737
6445 737
6446 737
6447 737
6448 737
6449 737
6450 977
6451 977
6452 977
6453 977
6454 977
6455 977
6456 977
6457 977
6458 977
6459 737
6460 305
6461 737
6462 737
6463 737
6464 737
6465 737
6466 1612
6467 1612
6468 1612
6469 305
6470 305
6471 305
6472 1612
6473 1612
6474 1590
6475 843
6476 843
6477 843
6478 791
6479 811
6480 830
6481 791
6482 1205
6483 1205
6484 1612
6485 1612
6486 843
6487 1612
6488 844
6489 844
6490 365
6491 365
6492 365
6493 365
6494 807
6495 813
6496 807
6497 807
6498 787
6499 787
6500 813
6501 813
6502 788
6503 788
6504 788
6505 788
6506 792
6507 812
6508 787
6509 787
6510 800
6511 800
6512 795
6513 799
6514 812
6515 812
6516 806
6517 806
6518 806
6519 806
6520 812
6521 807
6522 305
6523 305
6524 365
6525 365
6526 305
6527 365
6528 305
6529 305
6530 366
6531 365
6532 365
6533 365
6534 365
6535 305
6536 365
6537 365
6538 366
6539 366
6540 366
6541 366
6542 977
6543 977
6544 977
6545 977
6546 975
6547 975
6548 977
6549 977
6550 975
6551 976
6552 975
6553 975
6554 978
6555 978
6556 978
6557 978
6558 976
6559 978
6560 978
6561 978
6562 978
6563 978
6564 977
6565 977
6566 979
6567 977
6568 978
6569 978
6570 737
6571 737
6572 737
6573 737
6574 737
6575 737
6576 737
6577 737
6578 303
6579 303
6580 303
6581 303
6582 303
6583 303
6584 303
6585 303
6586 1010
6587 1132
6588 1132
6589 1132
6590 1132
6591 1132
6592 1132
6593 1132
6594 60
6595 1452
6596 1452
6597 1044
6598 1044
6599 1045
6600 60
6601 1452
6602 1451
6603 1044
6604 1045
6605 1045
6606 1046
6607 275
6608 1451
6609 1451
6610 1134
6611 1453
6612 1132
6613 1453
6614 1453
6615 1453
6616 1453
6617 60
6618 1133
6619 1134
6620 1134
6621 1134
6622 1134
6623 60
6624 1134
6625 1134
6626 1133
6627 1133
6628 303
6629 303
6630 1133
6631 303
6632 1133
6633 1133
6634 746
6635 746
6636 303
6637 979
6638 303
6639 303
6640 1133
6641 1133
6642 1135
6643 745
6644 745
6645 745
6646 1133
6647 1133
6648 1135
6649 1135
6650 981
6651 981
6652 981
6653 746
6654 745
6655 746
6656 745
6657 745
6658 981
6659 746
6660 980
6661 980
6662 746
6663 746
6664 746
6665 746
6666 979
6667 979
6668 979
6669 979
6670 979
6671 979
6672 303
6673 303
6674 980
6675 980
6676 979
6677 978
6678 979
6679 979
6680 979
6681 979
6682 980
6683 980
6684 980
6685 1665
6686 980
6687 980
6688 980
6689 980
6690 776
6691 739
6692 1603
6693 739
6694 739
6695 739
6696 739
6697 739
6698 740
6699 740
6700 776
6701 776
6702 776
6703 776
6704 740
6705 740
6706 776
6707 1579
6708 1579
6709 44
6710 44
6711 44
6712 776
6713 776
6714 1603
6715 1603
6716 1603
6717 1603
6718 1603
6719 1603
6720 776
6721 1603
6722 981
6723 981
6724 980
6725 980
6726 980
6727 980
6728 981
6729 981
6730 1603
6731 1603
6732 981
6733 981
6734 981
6735 981
6736 1603
6737 981
6738 978
6739 978
6740 1665
6741 1665
6742 976
6743 1665
6744 976
6745 978
6746 976
6747 976
6748 976
6749 976
6750 974
6751 1680
6752 976
6753 976
6755 335
6758 769
6759 770
6760 335
6761 769
6766 1580
6767 779
6768 1580
6769 1580
6773 324
6774 770
6775 1580
6776 770
6777 770
6778 1103
6779 1103
6780 1103
6781 1103
6782 1103
6783 1103
6784 1103
6785 1103
6786 1462
6787 1462
6788 1462
6789 1462
6790 1462
6791 1102
6792 1462
6793 1462
6795 1462
6796 1462
6797 1462
6798 1462
6799 1462
6800 1462
6801 1462
6802 750
6803 750
6804 750
6805 750
6808 1105
6809 1608
6810 751
6811 751
6816 335
6817 335
6818 747
6819 1157
6820 1610
6821 1610
6822 1610
6823 1610
6824 748
6826 1105
6827 1608
6828 1608
6830 1608
6831 1608
6832 752
6833 1105
6834 758
6835 758
6836 752
6837 1105
6838 752
6839 752
6840 1157
6841 1157
6842 1103
6843 1104
6844 1104
6845 1104
6847 1104
6848 758
6852 1122
6853 1122
6854 1122
6855 1122
6856 1609
6857 1609
6858 1609
6859 749
6860 749
6862 749
6863 749
6864 1609
6865 1609
6866 802
6867 802
6868 790
6869 790
6870 1177
6871 1177
6872 1176
6873 1176
6874 813
6875 814
6876 810
6877 814
6878 789
6879 789
6880 789
6881 814
6882 1587
6883 1587
6884 808
6885 808
6886 815
6887 808
6888 815
6889 815
6890 816
6891 816
6892 816
6893 809
6894 1180
6895 1181
6896 1178
6897 1179
6898 1184
6899 1182
6900 1182
6901 1182
6902 809
6903 1183
6904 1611
6905 1183
6906 317
6907 317
6908 317
6909 317
6910 317
6911 329
6912 317
6913 317
6914 317
6915 317
6916 317
6917 318
6918 1611
6919 1184
6920 343
6921 1611
6922 342
6923 342
6924 342
6925 342
6926 342
6927 342
6928 342
6929 342
6930 346
6931 346
6932 346
6933 973
6934 346
6935 973
6936 346
6937 346
6938 975
6939 975
6940 975
6941 974
6942 973
6943 973
6944 804
6945 975
6946 974
6947 974
6948 974
6949 974
6950 974
6951 974
6952 973
6953 974
6954 973
6955 973
6956 973
6957 974
6958 973
6959 973
6960 973
6961 973
6962 973
6963 973
6964 973
6965 973
6966 971
6967 971
6968 971
6969 971
6970 346
6971 346
6972 344
6973 344
6974 343
6975 344
6976 343
6977 346
6978 329
6979 329
6980 329
6981 329
6982 329
6983 329
6984 329
6985 329
6986 326
6987 326
6988 326
6989 326
6990 38
6991 329
6992 39
6993 38
6994 910
7000 910
7006 326
7007 326
7015 36
7018 33
7019 36
7020 36
7021 36
7022 37
7023 35
7024 31
7025 34
7026 35
7027 38
7028 38
7029 38
7030 320
7031 320
7032 34
7033 320
7034 27
7035 27
7036 32
7037 29
7038 32
7039 32
7040 31
7041 31
7042 33
7043 32
7044 32
7045 29
7046 908
7047 909
7048 908
7049 908
7050 906
7051 1404
7052 906
7053 909
7054 906
7055 906
7056 907
7057 906
7058 27
7059 26
7060 23
7061 23
7062 28
7063 24
7064 28
7065 28
7066 316
7067 22
7068 327
7069 327
7070 20
7071 20
7072 24
7073 24
7074 1428
7075 781
7076 781
7077 331
7078 331
7079 331
7080 1428
7081 1428
7082 20
7083 323
7084 771
7085 771
7086 347
7087 347
7088 323
7089 323
7090 323
7091 319
7092 347
7093 1583
7094 784
7095 1584
7096 319
7097 319
7098 782
7099 782
7100 20
7101 20
7102 781
7103 781
7104 782
7105 782
7106 29
7107 29
7108 25
7109 25
7110 1602
7111 782
7112 29
7114 910
7115 910
7116 910
7117 910
7118 910
7122 911
7123 911
7124 911
7125 911
7126 911
7128 911
7129 911
7136 1401
7138 1402
7139 1402
7140 1402
7141 1402
7142 1402
7147 1403
7148 1404
7149 1404
7150 1403
7151 1403
7152 1403
7153 1403
7154 1403
7156 1403
7157 872
7158 872
7159 871
7160 872
7161 872
7162 940
7163 939
7164 939
7165 939
7166 939
7167 920
7168 938
7169 938
7170 1401
7178 939
7179 939
7181 920
7182 920
7183 920
7184 920
7185 920
7194 1402
7202 908
7203 909
7204 909
7205 909
7206 1404
7207 1404
7208 909
7211 908
7212 908
7213 908
7218 36
7219 33
7220 33
7221 33
7223 908
7226 37
7227 39
7228 39
7229 39
7230 37
7231 39
7232 37
7233 37
7234 326
7235 326
7236 326
7237 317
7238 326
7239 326
7240 326
7241 326
7242 1102
7243 1102
7244 1101
7245 1101
7246 761
7248 1463
7249 1463
7250 761
7251 761
7252 761
7253 761
7254 1463
7255 1463
7256 1463
7257 1463
7258 1462
7259 1462
7260 1102
7261 1102
7262 1102
7263 1102
7264 757
7265 1103
7266 1103
7267 1103
7268 757
7269 757
7270 757
7271 757
7272 1155
7273 1155
7274 1154
7275 307
7276 307
7277 307
7278 1155
7279 1155
7280 1101
7281 1101
7282 1102
7283 1102
7284 307
7285 1102
7286 307
7287 1101
7288 1102
7289 1102
7290 1102
7291 1102
7292 1463
7293 1463
7294 1463
7295 1463
7296 417
7297 421
7298 1255
7299 1254
7300 1254
7301 1254
7302 404
7303 404
7304 866
7305 868
7306 868
7307 863
7308 868
7309 868
7310 865
7311 868
7312 1518
7313 397
7314 865
7315 866
7316 865
7317 865
7318 397
7319 425
7320 406
7321 406
7322 1513
7323 412
7324 399
7325 423
7326 1518
7327 1518
7328 1515
7329 398
7330 398
7331 863
7332 867
7333 863
7334 866
7335 867
7336 765
7337 765
7338 765
7339 1614
7340 410
7341 410
7342 765
7343 407
7344 408
7345 1614
7346 1614
7347 1614
7348 1262
7350 1262
7351 1262
7352 422
7353 1516
7354 1261
7355 1261
7356 1260
7357 420
7358 418
7359 1259
7360 1512
7361 1512
7362 1512
7363 407
7364 409
7365 409
7366 1513
7367 409
7368 401
7369 1514
7370 411
7371 404
7372 1515
7373 398
7374 415
7375 415
7376 1289
7380 428
7381 428
7382 427
7383 427
7384 863
7385 864
7386 864
7387 864
7388 864
7389 864
7391 864
7392 870
7393 870
7394 870
7396 869
7397 869
7398 1287
7399 870
7400 1253
7401 1252
7402 1252
7403 1252
7404 1252
7405 1252
7406 1253
7407 1252
7408 1253
7409 1253
7410 1251
7411 1251
7413 1251
7416 404
7417 863
7418 1253
7419 1253
7420 864
7421 1253
7422 863
7423 863
7424 223
7425 1278
7426 1277
7427 1277
7428 213
7429 213
7430 1278
7431 213
7432 395
7433 1615
7434 1256
7435 1256
7436 1258
7437 1257
7438 420
7439 405
7440 224
7441 224
7442 214
7443 214
7444 224
7445 1252
7446 224
7447 1252
7449 876
7450 876
7451 887
7452 876
7453 879
7454 879
7455 289
7456 882
7457 289
7458 817
7459 818
7460 817
7461 817
7462 817
7463 817
7464 817
7465 817
7466 817
7467 817
7468 817
7469 822
7470 821
7471 821
7472 821
7473 821
7474 821
7475 821
7476 821
7477 821
7478 821
7479 821
7481 821
7482 821
7483 821
7484 821
7485 821
7487 1020
7488 821
7490 821
7492 1021
7494 1021
7495 1021
7496 1020
7497 1020
7498 1021
7499 1021
7500 469
7501 469
7502 1021
7503 1021
7504 1021
7505 1021
7506 469
7507 469
7508 469
7509 469
7510 469
7511 469
7512 469
7513 469
7514 469
7515 371
7516 469
7517 821
7518 469
7519 1007
7520 469
7521 469
7522 1007
7523 1007
7524 821
7525 372
7526 372
7527 372
7528 1007
7529 372
7530 372
7531 824
7532 824
7533 824
7534 372
7535 824
7536 372
7537 372
7538 824
7539 824
7540 824
7541 1460
7545 824
7548 1460
7549 1461
7550 1623
7551 1623
7554 972
7555 972
7556 972
7557 972
7558 972
7559 972
7560 972
7561 972
7562 1184
7563 1184
7564 1611
7565 1611
7566 971
7567 971
7568 971
7569 971
7570 344
7571 344
7572 343
7573 343
7574 973
7575 973
7576 971
7577 971
7578 346
7579 344
7580 343
7581 343
7582 972
7583 972
7584 972
7585 972
7586 972
7587 972
7588 972
7589 972
7590 1184
7591 1184
7592 1611
7593 1611
7594 972
7595 972
7596 972
7597 972
7598 971
7599 972
7600 972
7601 972
7602 343
7603 343
7604 318
7605 1184
7606 971
7607 971
7608 971
7609 342
7610 344
7611 329
7612 317
7613 329
7614 1665
7615 1665
7616 1658
7617 1658
7618 1681
7619 1681
7620 1665
7621 1665
7622 1664
7623 1664
7624 1664
7625 1681
7626 40
7627 40
7628 40
7629 40
7630 1648
7631 1676
7632 1676
7633 1676
7634 1648
7635 1648
7636 40
7637 40
7638 40
7639 40
7640 40
7641 40
7642 1678
7643 1678
7644 43
7645 40
7646 1680
7647 1680
7648 1680
7649 1680
7650 1676
7651 1676
7652 1678
7653 1678
7654 1649
7655 1649
7656 1661
7657 1677
7658 969
7659 1679
7660 1675
7661 1675
7662 972
7663 972
7664 1680
7665 1680
7672 972
7673 972
7674 972
7675 972
7676 972
7677 972
7678 1679
7679 1679
7680 1680
7681 1680
7682 1662
7683 1662
7686 1680
7687 1680
7688 1667
7689 1667
7692 1650
7696 1680
7697 1680
7698 1675
7699 1675
7700 1666
7701 1666
7702 1650
7703 1650
7704 1675
7705 1675
7706 970
7707 1675
7708 1675
7709 1675
7710 1680
7711 1650
7712 1664
7713 1664
7718 1678
7719 1678
7722 1662
7723 1662
7724 1680
7725 1680
7726 1680
7727 1680
7728 1659
7729 1659
7730 1666
7731 1666
7732 1681
7733 1681
7734 1666
7735 1666
7736 1656
7737 1656
7738 1678
7739 1678
7742 1674
7743 1656
7746 972
7747 972
7748 972
7749 972
7750 972
7751 1680
7752 972
7753 972
7756 1666
7757 1666
7758 1666
7759 1666
7760 1666
7761 1666
7762 1680
7763 1680
7764 1680
7765 1680
7766 1680
7767 1680
7768 1680
7769 1680
7770 1680
7771 1680
7772 972
7773 1680
7774 972
7775 972
7776 972
7777 972
7778 972
7779 970
7780 970
7781 970
7782 970
7783 970
7784 970
7806 972
7807 1675
7808 972
7809 972
7810 972
7811 972
7812 972
7813 972
7814 972
7815 972
7816 972
7817 1680
7818 1680
7819 1680
7820 1680
7821 1680
7822 1680
7823 1664
7824 1681
7825 1681
7826 1667
7827 1667
7828 1658
7829 1659
7830 1676
7831 1676
7832 1648
7833 1662
7834 1662
7835 1662
7836 1678
7837 1678
7838 1678
7839 43
7840 1678
7841 1678
7842 1656
7843 1656
7844 1674
7845 1674
7846 1649
7847 1674
7848 1661
7849 1677
7850 1679
7851 1679
7852 1651
7853 1679
7854 1675
7855 1675
7856 1675
7857 1675
7862 1678
7863 1678
7864 1678
7865 1678
7866 1661
7867 968
7868 1661
7869 1661
7874 1649
7875 1677
7876 1649
7877 1677
7886 1680
7890 1680
7902 1680
7904 1680
7941 970
7942 972
7943 972
7944 972
7945 972
7946 1680
7947 1680
7948 1680
7949 1680
7950 1680
7951 1680
7952 1680
7953 1680
7962 1650
7964 1680
7965 1680
7966 1680
7967 1680
7969 970
7970 970
7979 966
7998 1680
7999 1680
8000 1680
8001 1680
8002 1680
8003 1680
8004 1680
8005 1680
8006 1680
8007 1680
8008 1666
8009 1666
8010 1666
8011 1666
8012 1666
8013 1666
8040 970
8043 970
8044 972
8045 972
8046 1650
8047 970
8048 972
8049 972
8050 972
8051 972
8052 972
8053 972
8054 972
8055 972
8056 1680
8057 1680
8058 1680
8059 1680
8060 1666
8061 1666
8062 1666
8063 1666
8064 1666
8065 1666
8094 970
8095 970
8096 970
8097 970
8098 970
8099 970
8100 972
8101 1650
8102 972
8103 972
8104 972
8105 972
8106 972
8107 972
8108 1680
8109 1680
8110 1680
8111 1680
8112 1650
8113 1680
8114 1650
8115 1650
8116 972
8117 970
8118 972
8119 972
8120 972
8121 1650
8122 1650
8123 1650
8124 1680
8125 1650
8126 1650
8127 1650
8128 1650
8129 1650
8130 1650
8131 1650
8132 1650
8133 1650
8134 972
8135 1650
8136 972
8137 1675
8138 1675
8139 1675
8140 1657
8141 1657
8142 1680
8143 1680
8144 1664
8145 1664
8146 1680
8147 1680
8148 1650
8149 1650
8150 1675
8151 1675
8152 1675
8153 1675
8154 1675
8155 1680
8156 1680
8157 1680
8158 1680
8159 1664
8160 1680
8161 1664
8162 1680
8163 1680
8164 1680
8165 1680
8166 1675
8167 1680
8168 1675
8169 1657
8170 1675
8171 1675
8172 1657
8173 1680
8174 1657
8175 1680
8176 1657
8177 1664
8178 1675
8179 1675
8180 972
8181 972
8182 972
8183 972
8184 1680
8185 1680
8186 1680
8187 1680
8188 1680
8189 1680
8190 1650
8191 1675
8192 1675
8193 1675
8194 1675
8195 1675
8196 1675
8197 1675
8198 1680
8199 1680
8200 1664
8201 1664
8202 1664
8203 1664
8204 1664
8205 1664
8206 1680
8207 1680
8208 1680
8209 1680
8210 1680
8211 1680
8212 972
8213 972
8214 972
8215 970
8216 1675
8217 1675
8218 969
8219 969
8220 1675
8221 1651
8226 972
8227 970
8228 970
8229 970
8232 1678
8233 1678
8236 1678
8237 1678
8246 1678
8247 1678
8248 1662
8249 1662
8258 1662
8259 1662
8260 1678
8261 1678
8278 1660
8279 1660
8280 1666
8281 1666
8282 1666
8283 1666
8284 1660
8285 1648
8290 1666
8291 1666
8292 1666
8293 1666
8294 1681
8295 1664
8296 1650
8297 1650
8298 1650
8299 1650
8300 1681
8301 1664
8304 1680
8305 1650
8306 1650
8307 1650
8308 1650
8309 1650
8312 1678
8313 1678
8316 1678
8317 1678
8330 1678
8331 1678
8332 1678
8333 1678
8342 1090
8343 1090
8344 1089
8345 1089
8346 1089
8347 1088
8348 1087
8349 1087
8350 1087
8351 1085
8352 1085
8353 1085
8354 1084
8355 1084
8356 1084
8357 1084
8358 1084
8359 1084
8360 1084
8361 1084
8362 1084
8363 1084
8364 1083
8365 1083
8366 1083
8367 1083
8368 1083
8369 1083
8370 1083
8371 1083
8372 88
8373 88
8374 88
8375 85
8376 537
8377 537
8378 537
8379 537
8380 87
8381 537
8382 87
8383 87
8384 1126
8385 1126
8386 1126
8387 1126
8388 1126
8389 1126
8390 744
8391 1126
8392 744
8393 744
8394 744
8395 744
8396 759
8397 744
8398 759
8399 759
8400 760
8401 759
8402 1457
8403 1457
8404 1456
8405 1456
8406 1456
8407 306
8408 306
8409 306
8410 306
8411 306
8412 306
8413 306
8414 306
8415 1149
8416 1149
8417 1149
8418 1149
8419 1149
8420 1149
8421 1149
8422 1149
8423 1149
8424 1149
8425 1149
8426 1149
8427 1149
8428 1148
8429 1148
8430 1093
8431 1093
8432 1093
8433 1093
8434 1091
8435 1091
8436 1091
8437 1091
8444 1025
8445 1021
8447 471
8451 1025
8453 1007
8454 1007
8455 1005
8456 1605
8457 472
8462 1543
8467 999
8468 1543
8470 845
8471 1481
8472 294
8473 294
8474 1204
8475 826
8476 826
8477 1204
8478 826
8479 826
8480 373
8481 373
8482 842
8483 1203
8484 1204
8485 1204
8486 1204
8487 1203
8488 1202
8489 1202
8490 1202
8491 1202
8492 1202
8493 1202
8494 1204
8495 194
8496 185
8497 185
8498 159
8499 194
8500 194
8501 1506
8502 593
8503 194
8504 159
8505 163
8506 1507
8507 593
8508 194
8509 194
8510 194
8511 190
8512 189
8513 189
8514 593
8515 593
8516 593
8517 593
